600 0.005
700 0.006
800 0.007
900 0.008
1000 0.01
1100 0.011
1200 0.012
1300 0.014
1400 0.015
1500 0.016
1600 0.017
1700 0.018
1800 0.02
1900 0.021
2000 0.023
2100 0.026
2200 0.027
2300 0.026
2400 0.029
2500 0.029
2600 0.034
2700 0.032
2800 0.032
2900 0.033
3000 0.036
3100 0.039
3200 0.038
3300 0.041
3400 0.041
3500 0.046
3600 0.043
3700 0.044
3800 0.054
3900 0.049
4000 0.05
4100 0.057
4200 0.054
4300 0.057
4400 0.062
4500 0.056
4600 0.062
4700 0.059
4800 0.061
4900 0.065
5000 0.07
5100 0.074
5200 0.07
5300 0.066
5400 0.071
5500 0.073
5600 0.071
5700 0.078
5800 0.08
5900 0.074
6000 0.08
6100 0.08
6200 0.086
6300 0.079
6400 0.085
6500 0.092
6600 0.093
6700 0.091
6800 0.088
6900 0.092
7000 0.09
7100 0.097
7200 0.096
7300 0.102
7400 0.112
7500 0.099
7600 0.106
7700 0.105
7800 0.113
7900 0.117
8000 0.115
8100 0.111
8200 0.119
8300 0.121
8400 0.122
8500 0.123
8600 0.125
8700 0.121
8800 0.125
8900 0.123
9000 0.13
9100 0.127
9200 0.122
9300 0.131
9400 0.134
9500 0.135
9600 0.14
9700 0.139
9800 0.136
9900 0.142
10000 0.148
10100 0.138
10200 0.141
10300 0.139
10400 0.153
10500 0.152
10600 0.145
10700 0.153
10800 0.152
10900 0.149
11000 0.153
11100 0.15
11200 0.162
11300 0.158
11400 0.162
11500 0.167
11600 0.168
11700 0.167
11800 0.165
11900 0.167
12000 0.175
12100 0.175
12200 0.181
12300 0.181
12400 0.186
12500 0.178
12600 0.175
12700 0.191
12800 0.19
12900 0.195
13000 0.183
13100 0.197
13200 0.186
13300 0.2
13400 0.192
13500 0.199
13600 0.2
13700 0.212
13800 0.199
13900 0.203
14000 0.198
14100 0.206
14200 0.213
14300 0.217
14400 0.211
14500 0.218
14600 0.212
14700 0.211
14800 0.213
14900 0.211
15000 0.224
15100 0.23
15200 0.217
15300 0.22
15400 0.22
15500 0.229
15600 0.233
15700 0.234
15800 0.254
15900 0.247
16000 0.248
16100 0.256
16200 0.245
16300 0.251
16400 0.244
16500 0.25
16600 0.263
16700 0.256
16800 0.261
16900 0.251
17000 0.26
17100 0.27
17200 0.269
17300 0.263
17400 0.273
17500 0.272
17600 0.263
17700 0.269
17800 0.265
17900 0.269
18000 0.283
18100 0.277
18200 0.271
18300 0.278
18400 0.276
18500 0.274
18600 0.283
18700 0.274
18800 0.287
18900 0.286
19000 0.288
19100 0.286
19200 0.297
19300 0.296
19400 0.297
19500 0.304
19600 0.296
19700 0.293
19800 0.296
19900 0.301
20000 0.305
20100 0.296
20200 0.301
20300 0.316
20400 0.31
20500 0.309
20600 0.316
20700 0.299
20800 0.312
20900 0.306
21000 0.325
21100 0.307
21200 0.311
21300 0.33
21400 0.318
21500 0.319
21600 0.318
21700 0.333
21800 0.325
21900 0.327
22000 0.329
22100 0.324
22200 0.327
22300 0.343
22400 0.341
22500 0.321
22600 0.333
22700 0.345
22800 0.35
22900 0.337
23000 0.348
23100 0.343
23200 0.344
23300 0.349
23400 0.351
23500 0.347
23600 0.349
23700 0.359
23800 0.355
23900 0.36
24000 0.369
24100 0.364
24200 0.367
24300 0.365
24400 0.359
24500 0.37
24600 0.372
24700 0.376
24800 0.379
24900 0.375
25000 0.39
25100 0.39
25200 0.381
25300 0.387
25400 0.385
25500 0.384
25600 0.388
25700 0.386
25800 0.395
25900 0.389
26000 0.389
26100 0.391
26200 0.393
26300 0.403
26400 0.414
26500 0.413
26600 0.414
26700 0.41
26800 0.407
26900 0.415
27000 0.414
27100 0.413
27200 0.415
27300 0.41
27400 0.411
27500 0.41
27600 0.421
27700 0.438
27800 0.433
27900 0.443
28000 0.437
28100 0.427
28200 0.44
28300 0.425
28400 0.429
28500 0.431
28600 0.433
28700 0.446
28800 0.439
28900 0.45
29000 0.435
29100 0.451
29200 0.454
29300 0.44
29400 0.437
29500 0.45
29600 0.441
29700 0.449
29800 0.463
29900 0.459
30000 0.458
30100 0.464
30200 0.446
30300 0.465
30400 0.469
30500 0.462
30600 0.465
30700 0.465
30800 0.482
30900 0.463
31000 0.486
31100 0.498
31200 0.489
31300 0.513
31400 0.484
31500 0.497
31600 0.493
31700 0.503
31800 0.504
31900 0.498
32000 0.521
32100 0.516
32200 0.519
32300 0.494
32400 0.519
32500 0.523
32600 0.504
32700 0.512
32800 0.519
32900 0.531
33000 0.537
33100 0.517
33200 0.525
33300 0.548
33400 0.55
33500 0.547
33600 0.557
33700 0.553
33800 0.562
33900 0.55
34000 0.556
34100 0.539
34200 0.554
34300 0.557
34400 0.573
34500 0.559
34600 0.554
34700 0.567
34800 0.566
34900 0.575
35000 0.55
35100 0.563
35200 0.539
35300 0.562
35400 0.56
35500 0.567
35600 0.579
35700 0.568
35800 0.555
35900 0.555
36000 0.581
36100 0.583
36200 0.565
36300 0.572
36400 0.582
36500 0.571
36600 0.569
36700 0.576
36800 0.582
36900 0.589
37000 0.578
37100 0.586
37200 0.573
37300 0.577
37400 0.59
37500 0.607
37600 0.577
37700 0.595
37800 0.591
37900 0.601
38000 0.612
38100 0.615
38200 0.609
38300 0.616
38400 0.591
38500 0.588
38600 0.588
38700 0.601
38800 0.616
38900 0.597
39000 0.602
39100 0.611
39200 0.609
39300 0.621
39400 0.619
39500 0.618
39600 0.64
39700 0.625
39800 0.611
39900 0.614
40000 0.635
40100 0.638
40200 0.647
40300 0.645
40400 0.628
40500 0.635
40600 0.636
40700 0.636
40800 0.644
40900 0.646
41000 0.638
41100 0.65
41200 0.644
41300 0.661
41400 0.653
41500 0.653
41600 0.647
41700 0.659
41800 0.66
41900 0.653
42000 0.66
42100 0.683
42200 0.669
42300 0.67
42400 0.676
42500 0.657
42600 0.664
42700 0.675
42800 0.667
42900 0.679
43000 0.695
43100 0.662
43200 0.697
43300 0.642
43400 0.661
43500 0.678
43600 0.681
43700 0.688
43800 0.695
43900 0.685
44000 0.692
44100 0.674
44200 0.693
44300 0.688
44400 0.709
44500 0.705
44600 0.7
44700 0.707
44800 0.727
44900 0.699
45000 0.706
45100 0.722
45200 0.69
45300 0.729
45400 0.695
45500 0.72
45600 0.718
45700 0.711
45800 0.715
45900 0.718
46000 0.714
46100 0.742
46200 0.73
46300 0.712
46400 0.728
46500 0.719
46600 0.749
46700 0.722
46800 0.732
46900 0.733
47000 0.746
47100 0.712
47200 0.727
47300 0.745
47400 0.749
47500 0.75
47600 0.756
47700 0.764
47800 0.751
47900 0.759
48000 0.759
48100 0.758
48200 0.753
48300 0.788
48400 0.774
48500 0.761
48600 0.754
48700 0.77
48800 0.766
48900 0.76
49000 0.759
49100 0.77
49200 0.77
49300 0.758
49400 0.772
49500 0.774
49600 0.771
49700 0.778
49800 0.774
49900 0.788
50000 0.795
50100 0.792
50200 0.793
50300 0.813
50400 0.782
50500 0.795
50600 0.779
50700 0.789
50800 0.806
50900 0.819
51000 0.821
51100 0.775
51200 0.816
51300 0.821
51400 0.796
51500 0.8
51600 0.811
51700 0.794
51800 0.823
51900 0.832
52000 0.827
52100 0.837
52200 0.821
52300 0.828
52400 0.831
52500 0.833
52600 0.848
52700 0.81
52800 0.835
52900 0.824
53000 0.84
53100 0.851
53200 0.83
53300 0.832
53400 0.844
53500 0.831
53600 0.855
53700 0.856
53800 0.853
53900 0.849
54000 0.851
54100 0.873
54200 0.847
54300 0.861
54400 0.86
54500 0.86
54600 0.861
54700 0.875
54800 0.877
54900 0.878
55000 0.883
55100 0.879
55200 0.884
55300 0.869
55400 0.891
55500 0.885
55600 0.891
55700 0.864
55800 0.869
55900 0.89
56000 0.868
56100 0.909
56200 0.906
56300 0.914
56400 0.888
56500 0.917
56600 0.89
56700 0.915
56800 0.911
56900 0.898
57000 0.924
57100 0.914
57200 0.892
57300 0.906
57400 0.902
57500 0.925
57600 0.95
57700 0.925
57800 0.928
57900 0.948
58000 0.946
58100 0.942
58200 0.948
58300 0.932
58400 0.939
58500 0.932
58600 0.931
58700 0.939
58800 0.94
58900 0.932
59000 0.947
59100 0.944
59200 0.939
59300 0.954
59400 0.942
59500 0.941
59600 0.952
59700 0.952
59800 0.959
59900 0.956
60000 0.946
60100 0.919
60200 0.955
60300 0.951
60400 0.96
60500 0.984
60600 0.971
60700 0.973
60800 0.984
60900 0.977
61000 0.979
61100 0.985
61200 0.944
61300 0.968
61400 0.963
61500 0.957
61600 0.985
61700 0.998
61800 1.007
61900 0.989
62000 0.991
62100 1.021
62200 1.008
62300 1.056
62400 1.027
62500 1.017
62600 1.03
62700 1.032
62800 1.006
62900 1.048
63000 1.029
63100 1.046
63200 1.044
63300 1.044
63400 1.053
63500 1.052
63600 1.057
63700 1.049
63800 1.065
63900 1.061
64000 1.066
64100 1.076
64200 1.063
64300 1.041
64400 1.069
64500 1.068
64600 1.05
64700 1.07
64800 1.072
64900 1.083
65000 1.098
65100 1.081
65200 1.047
65300 1.052
65400 1.072
65500 1.057
65600 1.112
65700 1.069
65800 1.099
65900 1.118
66000 1.096
66100 1.098
66200 1.114
66300 1.086
66400 1.096
66500 1.122
66600 1.112
66700 1.147
66800 1.085
66900 1.1
67000 1.1
67100 1.109
67200 1.134
67300 1.117
67400 1.09
67500 1.13
67600 1.138
67700 1.115
67800 1.125
67900 1.131
68000 1.15
68100 1.131
68200 1.133
68300 1.136
68400 1.113
68500 1.121
68600 1.121
68700 1.138
68800 1.148
68900 1.146
69000 1.145
69100 1.11
69200 1.133
69300 1.139
69400 1.128
69500 1.131
69600 1.151
69700 1.138
69800 1.138
69900 1.169
70000 1.15
70100 1.152
70200 1.138
70300 1.154
70400 1.158
70500 1.17
70600 1.164
70700 1.151
70800 1.168
70900 1.182
71000 1.168
71100 1.148
71200 1.144
71300 1.171
71400 1.15
71500 1.182
71600 1.179
71700 1.208
71800 1.224
71900 1.187
72000 1.19
72100 1.199
72200 1.158
72300 1.194
72400 1.178
72500 1.19
72600 1.176
72700 1.172
72800 1.203
72900 1.214
73000 1.199
73100 1.176
73200 1.194
73300 1.185
73400 1.196
73500 1.212
73600 1.184
73700 1.199
73800 1.195
73900 1.223
74000 1.229
74100 1.239
74200 1.223
74300 1.231
74400 1.237
74500 1.22
74600 1.23
74700 1.247
74800 1.24
74900 1.268
75000 1.235
75100 1.28
75200 1.255
75300 1.235
75400 1.234
75500 1.21
75600 1.241
75700 1.252
75800 1.242
75900 1.223
76000 1.236
76100 1.254
76200 1.262
76300 1.257
76400 1.262
76500 1.262
76600 1.273
76700 1.252
76800 1.261
76900 1.216
77000 1.239
77100 1.259
77200 1.261
77300 1.24
77400 1.267
77500 1.273
77600 1.275
77700 1.289
77800 1.283
77900 1.295
78000 1.295
78100 1.301
78200 1.293
78300 1.271
78400 1.286
78500 1.294
78600 1.306
78700 1.279
78800 1.283
78900 1.299
79000 1.289
79100 1.289
79200 1.323
79300 1.289
79400 1.289
79500 1.301
79600 1.289
79700 1.309
79800 1.314
79900 1.311
80000 1.293
80100 1.307
80200 1.298
80300 1.309
80400 1.338
80500 1.3
80600 1.31
80700 1.328
80800 1.273
80900 1.323
81000 1.307
81100 1.341
81200 1.346
81300 1.326
81400 1.321
81500 1.334
81600 1.337
81700 1.319
81800 1.342
81900 1.312
82000 1.339
82100 1.349
82200 1.347
82300 1.348
82400 1.349
82500 1.349
82600 1.346
82700 1.389
82800 1.36
82900 1.335
83000 1.336
83100 1.334
83200 1.346
83300 1.335
83400 1.334
83500 1.373
83600 1.368
83700 1.387
83800 1.378
83900 1.388
84000 1.367
84100 1.299
84200 1.357
84300 1.39
84400 1.343
84500 1.397
84600 1.359
84700 1.373
84800 1.377
84900 1.394
85000 1.396
85100 1.375
85200 1.398
85300 1.368
85400 1.382
85500 1.36
85600 1.392
85700 1.405
85800 1.383
85900 1.406
86000 1.394
86100 1.401
86200 1.4
86300 1.391
86400 1.414
86500 1.403
86600 1.415
86700 1.414
86800 1.412
86900 1.421
87000 1.419
87100 1.426
87200 1.432
87300 1.433
87400 1.454
87500 1.404
87600 1.438
87700 1.421
87800 1.401
87900 1.425
88000 1.405
88100 1.413
88200 1.433
88300 1.431
88400 1.399
88500 1.449
88600 1.424
88700 1.437
88800 1.448
88900 1.434
89000 1.433
89100 1.411
89200 1.422
89300 1.404
89400 1.438
89500 1.464
89600 1.454
89700 1.432
89800 1.454
89900 1.445
90000 1.421
90100 1.418
90200 1.454
90300 1.481
90400 1.47
90500 1.458
90600 1.48
90700 1.479
90800 1.447
90900 1.466
91000 1.49
91100 1.485
91200 1.474
91300 1.484
91400 1.492
91500 1.479
91600 1.489
91700 1.512
91800 1.49
91900 1.472
92000 1.481
92100 1.49
92200 1.51
92300 1.514
92400 1.512
92500 1.524
92600 1.496
92700 1.503
92800 1.5
92900 1.495
93000 1.502
93100 1.528
93200 1.532
93300 1.503
93400 1.505
93500 1.514
93600 1.517
93700 1.514
93800 1.527
93900 1.526
94000 1.545
94100 1.525
94200 1.506
94300 1.52
94400 1.525
94500 1.522
94600 1.533
94700 1.561
94800 1.534
94900 1.563
95000 1.543
95100 1.565
95200 1.548
95300 1.515
95400 1.533
95500 1.547
95600 1.555
95700 1.558
95800 1.564
95900 1.545
96000 1.564
96100 1.569
96200 1.558
96300 1.583
96400 1.542
96500 1.572
96600 1.57
96700 1.553
96800 1.564
96900 1.565
97000 1.564
97100 1.582
97200 1.571
97300 1.559
97400 1.594
97500 1.573
97600 1.58
97700 1.55
97800 1.576
97900 1.587
98000 1.576
98100 1.551
98200 1.585
98300 1.57
98400 1.575
98500 1.595
98600 1.584
98700 1.592
98800 1.605
98900 1.585
99000 1.603
99100 1.625
99200 1.6
99300 1.613
99400 1.579
99500 1.593
99600 1.626
99700 1.581
99800 1.597
99900 1.62
100000 1.609
