600 0.023
700 0.029
800 0.035
900 0.036
1000 0.036
1100 0.036
1200 0.038
1300 0.041
1400 0.044
1500 0.052
1600 0.052
1700 0.054
1800 0.052
1900 0.054
2000 0.05
2100 0.052
2200 0.053
2300 0.053
2400 0.053
2500 0.054
2600 0.055
2700 0.061
2800 0.063
2900 0.069
3000 0.073
3100 0.077
3200 0.078
3300 0.08
3400 0.074
3500 0.076
3600 0.077
3700 0.077
3800 0.079
3900 0.086
4000 0.079
4100 0.079
4200 0.093
4300 0.082
4400 0.096
4500 0.089
4600 0.09
4700 0.091
4800 0.087
4900 0.102
5000 0.101
5100 0.102
5200 0.103
5300 0.116
5400 0.113
5500 0.118
5600 0.128
5700 0.122
5800 0.136
5900 0.141
6000 0.148
6100 0.139
6200 0.158
6300 0.154
6400 0.154
6500 0.167
6600 0.155
6700 0.156
6800 0.168
6900 0.159
7000 0.157
7100 0.158
7200 0.169
7300 0.176
7400 0.175
7500 0.18
7600 0.179
7700 0.173
7800 0.175
7900 0.173
8000 0.184
8100 0.176
8200 0.175
8300 0.182
8400 0.186
8500 0.19
8600 0.187
8700 0.19
8800 0.181
8900 0.193
9000 0.195
9100 0.198
9200 0.178
9300 0.203
9400 0.198
9500 0.198
9600 0.201
9700 0.196
9800 0.204
9900 0.199
10000 0.203
10100 0.213
10200 0.218
10300 0.217
10400 0.243
10500 0.235
10600 0.245
10700 0.242
10800 0.223
10900 0.237
11000 0.242
11100 0.266
11200 0.264
11300 0.251
11400 0.263
11500 0.269
11600 0.291
11700 0.3
11800 0.297
11900 0.311
12000 0.307
12100 0.319
12200 0.31
12300 0.297
12400 0.321
12500 0.322
12600 0.329
12700 0.324
12800 0.326
12900 0.317
13000 0.333
13100 0.335
13200 0.321
13300 0.331
13400 0.332
13500 0.347
13600 0.337
13700 0.348
13800 0.328
13900 0.33
14000 0.342
14100 0.342
14200 0.334
14300 0.348
14400 0.347
14500 0.355
14600 0.349
14700 0.351
14800 0.345
14900 0.349
15000 0.343
15100 0.352
15200 0.362
15300 0.345
15400 0.356
15500 0.356
15600 0.361
15700 0.367
15800 0.369
15900 0.355
16000 0.373
16100 0.385
16200 0.376
16300 0.37
16400 0.378
16500 0.393
16600 0.377
16700 0.387
16800 0.382
16900 0.368
17000 0.377
17100 0.369
17200 0.369
17300 0.373
17400 0.38
17500 0.391
17600 0.387
17700 0.397
17800 0.386
17900 0.387
18000 0.395
18100 0.405
18200 0.412
18300 0.399
18400 0.384
18500 0.406
18600 0.414
18700 0.413
18800 0.4
18900 0.407
19000 0.412
19100 0.408
19200 0.415
19300 0.404
19400 0.419
19500 0.41
19600 0.413
19700 0.415
19800 0.409
19900 0.413
20000 0.422
20100 0.425
20200 0.429
20300 0.431
20400 0.42
20500 0.434
20600 0.429
20700 0.431
20800 0.447
20900 0.457
21000 0.457
21100 0.47
21200 0.479
21300 0.482
21400 0.476
21500 0.484
21600 0.486
21700 0.492
21800 0.499
21900 0.508
22000 0.516
22100 0.501
22200 0.514
22300 0.527
22400 0.519
22500 0.515
22600 0.523
22700 0.557
22800 0.556
22900 0.553
23000 0.551
23100 0.57
23200 0.544
23300 0.572
23400 0.571
23500 0.592
23600 0.574
23700 0.586
23800 0.634
23900 0.588
24000 0.607
24100 0.618
24200 0.636
24300 0.621
24400 0.625
24500 0.645
24600 0.654
24700 0.659
24800 0.651
24900 0.65
25000 0.657
25100 0.666
25200 0.676
25300 0.674
25400 0.662
25500 0.658
25600 0.662
25700 0.677
25800 0.654
25900 0.673
26000 0.685
26100 0.657
26200 0.681
26300 0.681
26400 0.669
26500 0.681
26600 0.677
26700 0.678
26800 0.686
26900 0.707
27000 0.692
27100 0.698
27200 0.695
27300 0.716
27400 0.69
27500 0.708
27600 0.721
27700 0.716
27800 0.686
27900 0.701
28000 0.713
28100 0.691
28200 0.702
28300 0.697
28400 0.685
28500 0.695
28600 0.7
28700 0.697
28800 0.722
28900 0.696
29000 0.724
29100 0.703
29200 0.729
29300 0.746
29400 0.727
29500 0.733
29600 0.728
29700 0.739
29800 0.732
29900 0.75
30000 0.734
30100 0.734
30200 0.739
30300 0.748
30400 0.738
30500 0.737
30600 0.729
30700 0.757
30800 0.735
30900 0.728
31000 0.731
31100 0.763
31200 0.741
31300 0.767
31400 0.766
31500 0.747
31600 0.763
31700 0.738
31800 0.752
31900 0.753
32000 0.754
32100 0.754
32200 0.736
32300 0.733
32400 0.747
32500 0.747
32600 0.729
32700 0.744
32800 0.77
32900 0.777
33000 0.769
33100 0.759
33200 0.77
33300 0.768
33400 0.789
33500 0.802
33600 0.793
33700 0.778
33800 0.778
33900 0.781
34000 0.791
34100 0.775
34200 0.799
34300 0.78
34400 0.781
34500 0.799
34600 0.772
34700 0.825
34800 0.799
34900 0.792
35000 0.793
35100 0.806
35200 0.816
35300 0.824
35400 0.813
35500 0.802
35600 0.788
35700 0.797
35800 0.816
35900 0.84
36000 0.804
36100 0.833
36200 0.819
36300 0.815
36400 0.824
36500 0.813
36600 0.835
36700 0.837
36800 0.821
36900 0.843
37000 0.845
37100 0.81
37200 0.817
37300 0.836
37400 0.85
37500 0.866
37600 0.856
37700 0.88
37800 0.835
37900 0.851
38000 0.854
38100 0.872
38200 0.865
38300 0.875
38400 0.877
38500 0.897
38600 0.892
38700 0.855
38800 0.835
38900 0.866
39000 0.864
39100 0.862
39200 0.854
39300 0.881
39400 0.879
39500 0.889
39600 0.894
39700 0.897
39800 0.899
39900 0.899
40000 0.869
40100 0.875
40200 0.901
40300 0.906
40400 0.91
40500 0.957
40600 0.942
40700 0.95
40800 0.873
40900 0.898
41000 0.905
41100 0.891
41200 0.904
41300 0.921
41400 0.927
41500 0.924
41600 0.939
41700 0.936
41800 0.952
41900 0.932
42000 0.955
42100 0.946
42200 0.988
42300 0.989
42400 0.959
42500 0.99
42600 0.982
42700 1.003
42800 1.0
42900 0.998
43000 1.019
43100 1.019
43200 0.987
43300 1.018
43400 1.017
43500 1.033
43600 1.03
43700 1.049
43800 1.046
43900 1.048
44000 1.059
44100 1.054
44200 1.075
44300 1.064
44400 1.075
44500 1.093
44600 1.101
44700 1.086
44800 1.095
44900 1.102
45000 1.137
45100 1.148
45200 1.116
45300 1.108
45400 1.126
45500 1.14
45600 1.151
45700 1.148
45800 1.133
45900 1.143
46000 1.173
46100 1.193
46200 1.177
46300 1.191
46400 1.189
46500 1.173
46600 1.194
46700 1.186
46800 1.2
46900 1.211
47000 1.183
47100 1.212
47200 1.219
47300 1.226
47400 1.22
47500 1.231
47600 1.228
47700 1.252
47800 1.274
47900 1.261
48000 1.273
48100 1.267
48200 1.304
48300 1.31
48400 1.304
48500 1.287
48600 1.278
48700 1.314
48800 1.308
48900 1.315
49000 1.297
49100 1.334
49200 1.283
49300 1.313
49400 1.349
49500 1.38
49600 1.349
49700 1.353
49800 1.358
49900 1.365
50000 1.344
50100 1.377
50200 1.361
50300 1.385
50400 1.358
50500 1.367
50600 1.386
50700 1.383
50800 1.401
50900 1.357
51000 1.366
51100 1.372
51200 1.384
51300 1.374
51400 1.378
51500 1.367
51600 1.422
51700 1.405
51800 1.414
51900 1.389
52000 1.401
52100 1.407
52200 1.378
52300 1.41
52400 1.415
52500 1.407
52600 1.387
52700 1.425
52800 1.404
52900 1.412
53000 1.413
53100 1.42
53200 1.392
53300 1.419
53400 1.399
53500 1.432
53600 1.423
53700 1.427
53800 1.431
53900 1.419
54000 1.395
54100 1.42
54200 1.405
54300 1.424
54400 1.453
54500 1.416
54600 1.408
54700 1.429
54800 1.434
54900 1.414
55000 1.436
55100 1.445
55200 1.449
55300 1.447
55400 1.428
55500 1.458
55600 1.462
55700 1.425
55800 1.412
55900 1.432
56000 1.439
56100 1.449
56200 1.466
56300 1.423
56400 1.441
56500 1.436
56600 1.465
56700 1.461
56800 1.459
56900 1.467
57000 1.457
57100 1.455
57200 1.459
57300 1.481
57400 1.47
57500 1.444
57600 1.466
57700 1.506
57800 1.515
57900 1.518
58000 1.478
58100 1.522
58200 1.477
58300 1.486
58400 1.492
58500 1.511
58600 1.47
58700 1.486
58800 1.507
58900 1.496
59000 1.5
59100 1.486
59200 1.474
59300 1.497
59400 1.496
59500 1.506
59600 1.509
59700 1.5
59800 1.507
59900 1.527
60000 1.503
60100 1.512
60200 1.527
60300 1.475
60400 1.49
60500 1.503
60600 1.528
60700 1.498
60800 1.512
60900 1.517
61000 1.495
61100 1.498
61200 1.516
61300 1.53
61400 1.549
61500 1.494
61600 1.531
61700 1.499
61800 1.511
61900 1.516
62000 1.542
62100 1.546
62200 1.527
62300 1.537
62400 1.52
62500 1.506
62600 1.528
62700 1.513
62800 1.534
62900 1.502
63000 1.558
63100 1.503
63200 1.527
63300 1.524
63400 1.504
63500 1.508
63600 1.526
63700 1.505
63800 1.514
63900 1.543
64000 1.539
64100 1.543
64200 1.525
64300 1.528
64400 1.507
64500 1.514
64600 1.523
64700 1.537
64800 1.53
64900 1.534
65000 1.5
65100 1.545
65200 1.566
65300 1.543
65400 1.516
65500 1.542
65600 1.53
65700 1.551
65800 1.581
65900 1.546
66000 1.588
66100 1.569
66200 1.557
66300 1.586
66400 1.585
66500 1.586
66600 1.587
66700 1.584
66800 1.568
66900 1.602
67000 1.591
67100 1.569
67200 1.589
67300 1.62
67400 1.573
67500 1.608
67600 1.582
67700 1.637
67800 1.642
67900 1.61
68000 1.625
68100 1.61
68200 1.606
68300 1.646
68400 1.613
68500 1.623
68600 1.622
68700 1.644
68800 1.618
68900 1.643
69000 1.606
69100 1.637
69200 1.644
69300 1.607
69400 1.635
69500 1.653
69600 1.635
69700 1.663
69800 1.653
69900 1.622
70000 1.638
70100 1.627
70200 1.649
70300 1.679
70400 1.629
70500 1.677
70600 1.664
70700 1.661
70800 1.683
70900 1.693
71000 1.686
71100 1.63
71200 1.651
71300 1.693
71400 1.668
71500 1.687
71600 1.674
71700 1.664
71800 1.675
71900 1.704
72000 1.7
72100 1.693
72200 1.673
72300 1.677
72400 1.67
72500 1.698
72600 1.71
72700 1.705
72800 1.696
72900 1.708
73000 1.687
73100 1.705
73200 1.684
73300 1.71
73400 1.706
73500 1.705
73600 1.711
73700 1.702
73800 1.726
73900 1.725
74000 1.72
74100 1.761
74200 1.683
74300 1.689
74400 1.724
74500 1.694
74600 1.723
74700 1.747
74800 1.769
74900 1.721
75000 1.784
75100 1.773
75200 1.778
75300 1.726
75400 1.725
75500 1.763
75600 1.767
75700 1.746
75800 1.718
75900 1.739
76000 1.747
76100 1.773
76200 1.773
76300 1.787
76400 1.733
76500 1.755
76600 1.799
76700 1.739
76800 1.771
76900 1.749
77000 1.796
77100 1.78
77200 1.755
77300 1.77
77400 1.75
77500 1.754
77600 1.75
77700 1.785
77800 1.768
77900 1.763
78000 1.755
78100 1.766
78200 1.774
78300 1.763
78400 1.787
78500 1.778
78600 1.797
78700 1.805
78800 1.816
78900 1.803
79000 1.822
79100 1.825
79200 1.776
79300 1.788
79400 1.784
79500 1.775
79600 1.808
79700 1.822
79800 1.779
79900 1.809
80000 1.823
80100 1.785
80200 1.789
80300 1.819
80400 1.824
80500 1.845
80600 1.824
80700 1.779
80800 1.809
80900 1.846
81000 1.799
81100 1.833
81200 1.831
81300 1.838
81400 1.832
81500 1.796
81600 1.842
81700 1.805
81800 1.821
81900 1.818
82000 1.836
82100 1.814
82200 1.875
82300 1.899
82400 1.899
82500 1.902
82600 1.901
82700 1.875
82800 1.875
82900 1.878
83000 1.897
83100 1.945
83200 1.884
83300 1.893
83400 1.913
83500 1.946
83600 1.931
83700 1.916
83800 1.946
83900 1.968
84000 1.962
84100 1.937
84200 1.958
84300 1.982
84400 1.995
84500 1.978
84600 2.005
84700 1.959
84800 2.012
84900 2.021
85000 2.037
85100 2.044
85200 2.032
85300 1.997
85400 2.035
85500 2.058
85600 2.06
85700 2.055
85800 2.016
85900 2.05
86000 2.094
86100 2.052
86200 2.029
86300 2.083
86400 2.037
86500 2.071
86600 2.048
86700 2.084
86800 2.116
86900 2.071
87000 2.09
87100 2.127
87200 2.128
87300 2.128
87400 2.143
87500 2.132
87600 2.129
87700 2.129
87800 2.167
87900 2.122
88000 2.121
88100 2.143
88200 2.168
88300 2.185
88400 2.149
88500 2.203
88600 2.182
88700 2.189
88800 2.205
88900 2.223
89000 2.203
89100 2.246
89200 2.213
89300 2.222
89400 2.184
89500 2.217
89600 2.275
89700 2.24
89800 2.243
89900 2.225
90000 2.24
90100 2.22
90200 2.242
90300 2.275
90400 2.258
90500 2.262
90600 2.232
90700 2.251
90800 2.265
90900 2.28
91000 2.292
91100 2.279
91200 2.316
91300 2.297
91400 2.326
91500 2.335
91600 2.326
91700 2.34
91800 2.36
91900 2.366
92000 2.345
92100 2.385
92200 2.359
92300 2.389
92400 2.383
92500 2.415
92600 2.373
92700 2.352
92800 2.367
92900 2.392
93000 2.44
93100 2.431
93200 2.401
93300 2.44
93400 2.385
93500 2.433
93600 2.446
93700 2.51
93800 2.504
93900 2.479
94000 2.421
94100 2.459
94200 2.464
94300 2.504
94400 2.508
94500 2.524
94600 2.515
94700 2.551
94800 2.572
94900 2.594
95000 2.588
95100 2.599
95200 2.615
95300 2.552
95400 2.584
95500 2.486
95600 2.548
95700 2.625
95800 2.608
95900 2.645
96000 2.635
96100 2.584
96200 2.587
96300 2.618
96400 2.579
96500 2.619
96600 2.6
96700 2.656
96800 2.668
96900 2.626
97000 2.618
97100 2.656
97200 2.611
97300 2.659
97400 2.707
97500 2.68
97600 2.716
97700 2.703
97800 2.695
97900 2.706
98000 2.636
98100 2.697
98200 2.709
98300 2.683
98400 2.687
98500 2.701
98600 2.708
98700 2.731
98800 2.69
98900 2.698
99000 2.675
99100 2.705
99200 2.739
99300 2.695
99400 2.748
99500 2.778
99600 2.737
99700 2.733
99800 2.772
99900 2.837
100000 2.716
