600 0.006
700 0.007
800 0.008
900 0.01
1000 0.013
1100 0.014
1200 0.016
1300 0.023
1400 0.018
1500 0.019
1600 0.02
1700 0.021
1800 0.023
1900 0.025
2000 0.03
2100 0.038
2200 0.033
2300 0.034
2400 0.039
2500 0.038
2600 0.043
2700 0.041
2800 0.042
2900 0.043
3000 0.046
3100 0.047
3200 0.048
3300 0.052
3400 0.053
3500 0.052
3600 0.054
3700 0.056
3800 0.063
3900 0.063
4000 0.071
4100 0.073
4200 0.074
4300 0.076
4400 0.081
4500 0.078
4600 0.085
4700 0.088
4800 0.082
4900 0.091
5000 0.084
5100 0.09
5200 0.089
5300 0.092
5400 0.097
5500 0.101
5600 0.102
5700 0.103
5800 0.111
5900 0.099
6000 0.112
6100 0.105
6200 0.111
6300 0.105
6400 0.116
6500 0.111
6600 0.116
6700 0.118
6800 0.12
6900 0.126
7000 0.117
7100 0.133
7200 0.121
7300 0.132
7400 0.136
7500 0.126
7600 0.142
7700 0.133
7800 0.148
7900 0.159
8000 0.16
8100 0.156
8200 0.157
8300 0.165
8400 0.172
8500 0.173
8600 0.18
8700 0.172
8800 0.17
8900 0.171
9000 0.186
9100 0.183
9200 0.183
9300 0.184
9400 0.185
9500 0.191
9600 0.188
9700 0.189
9800 0.196
9900 0.208
10000 0.196
10100 0.198
10200 0.199
10300 0.205
10400 0.198
10500 0.217
10600 0.201
10700 0.207
10800 0.217
10900 0.214
11000 0.214
11100 0.223
11200 0.22
11300 0.221
11400 0.221
11500 0.234
11600 0.224
11700 0.233
11800 0.246
11900 0.24
12000 0.24
12100 0.242
12200 0.249
12300 0.252
12400 0.249
12500 0.242
12600 0.258
12700 0.266
12800 0.26
12900 0.266
13000 0.259
13100 0.267
13200 0.256
13300 0.267
13400 0.264
13500 0.277
13600 0.273
13700 0.276
13800 0.267
13900 0.284
14000 0.272
14100 0.275
14200 0.285
14300 0.303
14400 0.291
14500 0.29
14600 0.291
14700 0.295
14800 0.288
14900 0.284
15000 0.293
15100 0.295
15200 0.31
15300 0.298
15400 0.307
15500 0.314
15600 0.315
15700 0.335
15800 0.341
15900 0.357
16000 0.351
16100 0.348
16200 0.351
16300 0.35
16400 0.348
16500 0.352
16600 0.365
16700 0.379
16800 0.365
16900 0.365
17000 0.369
17100 0.371
17200 0.379
17300 0.387
17400 0.381
17500 0.399
17600 0.405
17700 0.392
17800 0.387
17900 0.394
18000 0.381
18100 0.386
18200 0.419
18300 0.397
18400 0.393
18500 0.408
18600 0.399
18700 0.41
18800 0.421
18900 0.415
19000 0.416
19100 0.417
19200 0.422
19300 0.426
19400 0.419
19500 0.43
19600 0.429
19700 0.431
19800 0.429
19900 0.445
20000 0.429
20100 0.434
20200 0.442
20300 0.447
20400 0.445
20500 0.439
20600 0.444
20700 0.433
20800 0.445
20900 0.44
21000 0.465
21100 0.458
21200 0.476
21300 0.457
21400 0.448
21500 0.454
21600 0.474
21700 0.457
21800 0.47
21900 0.461
22000 0.462
22100 0.477
22200 0.476
22300 0.475
22400 0.48
22500 0.48
22600 0.492
22700 0.488
22800 0.488
22900 0.493
23000 0.487
23100 0.49
23200 0.506
23300 0.5
23400 0.499
23500 0.512
23600 0.531
23700 0.505
23800 0.504
23900 0.514
24000 0.514
24100 0.516
24200 0.536
24300 0.516
24400 0.534
24500 0.523
24600 0.525
24700 0.526
24800 0.535
24900 0.531
25000 0.542
25100 0.546
25200 0.553
25300 0.543
25400 0.533
25500 0.563
25600 0.543
25700 0.557
25800 0.535
25900 0.576
26000 0.551
26100 0.569
26200 0.567
26300 0.554
26400 0.56
26500 0.566
26600 0.577
26700 0.581
26800 0.583
26900 0.596
27000 0.6
27100 0.603
27200 0.6
27300 0.58
27400 0.574
27500 0.582
27600 0.587
27700 0.611
27800 0.601
27900 0.61
28000 0.625
28100 0.615
28200 0.622
28300 0.596
28400 0.595
28500 0.617
28600 0.607
28700 0.621
28800 0.62
28900 0.619
29000 0.636
29100 0.622
29200 0.625
29300 0.631
29400 0.638
29500 0.643
29600 0.631
29700 0.648
29800 0.652
29900 0.641
30000 0.654
30100 0.639
30200 0.641
30300 0.651
30400 0.658
30500 0.65
30600 0.648
30700 0.659
30800 0.68
30900 0.677
31000 0.679
31100 0.705
31200 0.71
31300 0.732
31400 0.717
31500 0.741
31600 0.745
31700 0.737
31800 0.748
31900 0.761
32000 0.769
32100 0.79
32200 0.78
32300 0.751
32400 0.761
32500 0.765
32600 0.763
32700 0.779
32800 0.772
32900 0.793
33000 0.788
33100 0.798
33200 0.803
33300 0.803
33400 0.825
33500 0.805
33600 0.8
33700 0.813
33800 0.812
33900 0.835
34000 0.826
34100 0.812
34200 0.822
34300 0.834
34400 0.823
34500 0.834
34600 0.826
34700 0.829
34800 0.853
34900 0.836
35000 0.837
35100 0.856
35200 0.83
35300 0.824
35400 0.834
35500 0.848
35600 0.852
35700 0.847
35800 0.831
35900 0.835
36000 0.853
36100 0.859
36200 0.871
36300 0.874
36400 0.844
36500 0.864
36600 0.878
36700 0.867
36800 0.873
36900 0.876
37000 0.876
37100 0.893
37200 0.885
37300 0.883
37400 0.894
37500 0.898
37600 0.883
37700 0.902
37800 0.914
37900 0.905
38000 0.907
38100 0.928
38200 0.92
38300 0.918
38400 0.898
38500 0.914
38600 0.906
38700 0.921
38800 0.923
38900 0.91
39000 0.905
39100 0.918
39200 0.937
39300 0.946
39400 0.924
39500 0.939
39600 0.961
39700 0.953
39800 0.94
39900 0.913
40000 0.937
40100 0.979
40200 0.965
40300 0.963
40400 0.941
40500 0.967
40600 0.976
40700 0.963
40800 0.967
40900 0.972
41000 0.952
41100 0.971
41200 0.993
41300 0.982
41400 0.995
41500 0.964
41600 0.993
41700 0.977
41800 0.968
41900 0.97
42000 1.004
42100 1.004
42200 1.012
42300 1.028
42400 1.05
42500 0.994
42600 1.028
42700 1.02
42800 1.04
42900 1.025
43000 1.031
43100 1.015
43200 1.029
43300 1.014
43400 1.019
43500 1.033
43600 1.024
43700 1.043
43800 1.055
43900 1.021
44000 1.044
44100 1.044
44200 1.034
44300 1.034
44400 1.054
44500 1.067
44600 1.036
44700 1.068
44800 1.072
44900 1.072
45000 1.085
45100 1.057
45200 1.094
45300 1.066
45400 1.066
45500 1.078
45600 1.085
45700 1.079
45800 1.069
45900 1.09
46000 1.076
46100 1.11
46200 1.11
46300 1.063
46400 1.11
46500 1.099
46600 1.103
46700 1.119
46800 1.116
46900 1.114
47000 1.114
47100 1.101
47200 1.107
47300 1.15
47400 1.121
47500 1.158
47600 1.141
47700 1.148
47800 1.154
47900 1.151
48000 1.148
48100 1.151
48200 1.147
48300 1.154
48400 1.166
48500 1.129
48600 1.173
48700 1.157
48800 1.173
48900 1.169
49000 1.185
49100 1.16
49200 1.146
49300 1.181
49400 1.155
49500 1.165
49600 1.171
49700 1.185
49800 1.173
49900 1.19
50000 1.193
50100 1.193
50200 1.211
50300 1.227
50400 1.171
50500 1.191
50600 1.185
50700 1.213
50800 1.212
50900 1.22
51000 1.225
51100 1.204
51200 1.2
51300 1.221
51400 1.18
51500 1.247
51600 1.245
51700 1.244
51800 1.243
51900 1.247
52000 1.277
52100 1.247
52200 1.246
52300 1.244
52400 1.249
52500 1.272
52600 1.272
52700 1.231
52800 1.286
52900 1.261
53000 1.251
53100 1.267
53200 1.248
53300 1.269
53400 1.267
53500 1.266
53600 1.266
53700 1.286
53800 1.304
53900 1.291
54000 1.295
54100 1.281
54200 1.275
54300 1.291
54400 1.295
54500 1.305
54600 1.291
54700 1.287
54800 1.294
54900 1.305
55000 1.314
55100 1.297
55200 1.311
55300 1.303
55400 1.326
55500 1.337
55600 1.311
55700 1.302
55800 1.322
55900 1.333
56000 1.312
56100 1.342
56200 1.363
56300 1.345
56400 1.348
56500 1.349
56600 1.35
56700 1.357
56800 1.315
56900 1.347
57000 1.362
57100 1.369
57200 1.334
57300 1.372
57400 1.355
57500 1.383
57600 1.378
57700 1.39
57800 1.388
57900 1.413
58000 1.404
58100 1.401
58200 1.398
58300 1.411
58400 1.399
58500 1.4
58600 1.403
58700 1.397
58800 1.41
58900 1.431
59000 1.394
59100 1.4
59200 1.414
59300 1.41
59400 1.4
59500 1.422
59600 1.414
59700 1.425
59800 1.421
59900 1.419
60000 1.425
60100 1.394
60200 1.407
60300 1.415
60400 1.43
60500 1.419
60600 1.457
60700 1.463
60800 1.448
60900 1.445
61000 1.452
61100 1.448
61200 1.404
61300 1.436
61400 1.457
61500 1.458
61600 1.47
61700 1.504
61800 1.502
61900 1.484
62000 1.486
62100 1.565
62200 1.55
62300 1.569
62400 1.561
62500 1.56
62600 1.563
62700 1.581
62800 1.553
62900 1.594
63000 1.611
63100 1.619
63200 1.621
63300 1.621
63400 1.644
63500 1.621
63600 1.653
63700 1.645
63800 1.675
63900 1.671
64000 1.681
64100 1.685
64200 1.69
64300 1.624
64400 1.659
64500 1.666
64600 1.656
64700 1.676
64800 1.678
64900 1.685
65000 1.688
65100 1.685
65200 1.655
65300 1.669
65400 1.685
65500 1.668
65600 1.684
65700 1.674
65800 1.726
65900 1.718
66000 1.745
66100 1.731
66200 1.744
66300 1.704
66400 1.711
66500 1.712
66600 1.753
66700 1.755
66800 1.705
66900 1.748
67000 1.738
67100 1.748
67200 1.74
67300 1.755
67400 1.735
67500 1.755
67600 1.742
67700 1.757
67800 1.781
67900 1.773
68000 1.778
68100 1.788
68200 1.785
68300 1.741
68400 1.762
68500 1.768
68600 1.766
68700 1.794
68800 1.801
68900 1.806
69000 1.796
69100 1.754
69200 1.777
69300 1.803
69400 1.788
69500 1.794
69600 1.795
69700 1.791
69800 1.799
69900 1.798
70000 1.81
70100 1.824
70200 1.832
70300 1.839
70400 1.823
70500 1.839
70600 1.847
70700 1.83
70800 1.838
70900 1.847
71000 1.842
71100 1.845
71200 1.806
71300 1.858
71400 1.813
71500 1.868
71600 1.871
71700 1.873
71800 1.866
71900 1.856
72000 1.894
72100 1.876
72200 1.856
72300 1.872
72400 1.858
72500 1.878
72600 1.874
72700 1.867
72800 1.898
72900 1.9
73000 1.906
73100 1.848
73200 1.889
73300 1.88
73400 1.898
73500 1.917
73600 1.886
73700 1.905
73800 1.902
73900 1.93
74000 1.935
74100 1.93
74200 1.927
74300 1.937
74400 1.951
74500 1.907
74600 1.948
74700 1.954
74800 1.943
74900 1.95
75000 1.963
75100 1.958
75200 1.964
75300 1.947
75400 1.927
75500 1.928
75600 1.974
75700 1.97
75800 1.963
75900 1.948
76000 1.977
76100 1.995
76200 1.985
76300 1.992
76400 1.99
76500 1.99
76600 1.997
76700 1.973
76800 1.992
76900 1.948
77000 1.948
77100 1.997
77200 1.99
77300 1.962
77400 2.017
77500 2.008
77600 2.006
77700 2.007
77800 2.006
77900 2.035
78000 2.025
78100 2.023
78200 2.038
78300 2.02
78400 2.048
78500 2.001
78600 2.03
78700 2.022
78800 2.025
78900 2.034
79000 2.048
79100 2.053
79200 2.018
79300 2.056
79400 2.036
79500 2.054
79600 2.064
79700 2.064
79800 2.066
79900 2.064
80000 2.06
80100 2.071
80200 2.076
80300 2.071
80400 2.074
80500 2.046
80600 2.094
80700 2.092
80800 2.031
80900 2.082
81000 2.103
81100 2.101
81200 2.094
81300 2.098
81400 2.109
81500 2.1
81600 2.119
81700 2.11
81800 2.099
81900 2.121
82000 2.101
82100 2.12
82200 2.123
82300 2.124
82400 2.089
82500 2.124
82600 2.142
82700 2.128
82800 2.131
82900 2.107
83000 2.13
83100 2.132
83200 2.136
83300 2.136
83400 2.153
83500 2.142
83600 2.149
83700 2.165
83800 2.168
83900 2.166
84000 2.153
84100 2.107
84200 2.16
84300 2.182
84400 2.15
84500 2.172
84600 2.164
84700 2.186
84800 2.191
84900 2.182
85000 2.187
85100 2.196
85200 2.197
85300 2.156
85400 2.167
85500 2.155
85600 2.204
85700 2.213
85800 2.187
85900 2.187
86000 2.199
86100 2.221
86200 2.214
86300 2.193
86400 2.226
86500 2.218
86600 2.21
86700 2.229
86800 2.226
86900 2.237
87000 2.225
87100 2.231
87200 2.25
87300 2.241
87400 2.246
87500 2.209
87600 2.232
87700 2.247
87800 2.222
87900 2.239
88000 2.252
88100 2.225
88200 2.243
88300 2.274
88400 2.236
88500 2.257
88600 2.256
88700 2.241
88800 2.275
88900 2.261
89000 2.271
89100 2.261
89200 2.265
89300 2.248
89400 2.267
89500 2.289
89600 2.276
89700 2.272
89800 2.29
89900 2.295
90000 2.276
90100 2.288
90200 2.288
90300 2.324
90400 2.291
90500 2.304
90600 2.321
90700 2.328
90800 2.299
90900 2.322
91000 2.339
91100 2.335
91200 2.316
91300 2.365
91400 2.342
91500 2.326
91600 2.347
91700 2.354
91800 2.345
91900 2.329
92000 2.343
92100 2.35
92200 2.361
92300 2.356
92400 2.353
92500 2.369
92600 2.345
92700 2.379
92800 2.313
92900 2.367
93000 2.361
93100 2.381
93200 2.372
93300 2.359
93400 2.37
93500 2.372
93600 2.383
93700 2.381
93800 2.397
93900 2.399
94000 2.426
94100 2.388
94200 2.382
94300 2.387
94400 2.409
94500 2.404
94600 2.395
94700 2.457
94800 2.428
94900 2.444
95000 2.424
95100 2.434
95200 2.442
95300 2.404
95400 2.426
95500 2.43
95600 2.433
95700 2.441
95800 2.447
95900 2.447
96000 2.467
96100 2.457
96200 2.455
96300 2.463
96400 2.435
96500 2.455
96600 2.448
96700 2.459
96800 2.467
96900 2.461
97000 2.48
97100 2.467
97200 2.487
97300 2.482
97400 2.443
97500 2.47
97600 2.46
97700 2.469
97800 2.475
97900 2.47
98000 2.498
98100 2.469
98200 2.492
98300 2.468
98400 2.486
98500 2.503
98600 2.491
98700 2.523
98800 2.517
98900 2.486
99000 2.497
99100 2.486
99200 2.512
99300 2.529
99400 2.488
99500 2.485
99600 2.535
99700 2.481
99800 2.52
99900 2.517
100000 2.526
