600 0.009
700 0.012
800 0.013
900 0.015
1000 0.016
1100 0.02
1200 0.021
1300 0.023
1400 0.025
1500 0.027
1600 0.035
1700 0.03
1800 0.033
1900 0.034
2000 0.039
2100 0.049
2200 0.047
2300 0.048
2400 0.048
2500 0.05
2600 0.057
2700 0.057
2800 0.056
2900 0.059
3000 0.062
3100 0.069
3200 0.067
3300 0.066
3400 0.077
3500 0.07
3600 0.074
3700 0.077
3800 0.086
3900 0.081
4000 0.085
4100 0.106
4200 0.097
4300 0.096
4400 0.111
4500 0.105
4600 0.111
4700 0.111
4800 0.107
4900 0.122
5000 0.114
5100 0.124
5200 0.123
5300 0.121
5400 0.13
5500 0.121
5600 0.134
5700 0.141
5800 0.132
5900 0.133
6000 0.142
6100 0.141
6200 0.139
6300 0.148
6400 0.146
6500 0.153
6600 0.152
6700 0.167
6800 0.154
6900 0.164
7000 0.18
7100 0.165
7200 0.18
7300 0.177
7400 0.167
7500 0.189
7600 0.178
7700 0.18
7800 0.207
7900 0.202
8000 0.198
8100 0.202
8200 0.222
8300 0.227
8400 0.227
8500 0.22
8600 0.226
8700 0.24
8800 0.232
8900 0.244
9000 0.242
9100 0.228
9200 0.238
9300 0.24
9400 0.249
9500 0.252
9600 0.245
9700 0.245
9800 0.315
9900 0.259
10000 0.258
10100 0.27
10200 0.271
10300 0.293
10400 0.285
10500 0.273
10600 0.283
10700 0.271
10800 0.27
10900 0.29
11000 0.276
11100 0.295
11200 0.287
11300 0.3
11400 0.32
11500 0.312
11600 0.301
11700 0.305
11800 0.312
11900 0.308
12000 0.32
12100 0.311
12200 0.328
12300 0.325
12400 0.321
12500 0.333
12600 0.335
12700 0.336
12800 0.328
12900 0.355
13000 0.346
13100 0.335
13200 0.358
13300 0.339
13400 0.363
13500 0.367
13600 0.353
13700 0.361
13800 0.358
13900 0.356
14000 0.366
14100 0.377
14200 0.367
14300 0.369
14400 0.384
14500 0.375
14600 0.392
14700 0.413
14800 0.401
14900 0.379
15000 0.395
15100 0.394
15200 0.404
15300 0.392
15400 0.408
15500 0.41
15600 0.416
15700 0.426
15800 0.441
15900 0.448
16000 0.444
16100 0.444
16200 0.464
16300 0.45
16400 0.482
16500 0.486
16600 0.496
16700 0.481
16800 0.49
16900 0.509
17000 0.511
17100 0.494
17200 0.508
17300 0.486
17400 0.491
17500 0.511
17600 0.514
17700 0.549
17800 0.542
17900 0.52
18000 0.525
18100 0.521
18200 0.529
18300 0.536
18400 0.524
18500 0.526
18600 0.54
18700 0.539
18800 0.553
18900 0.537
19000 0.532
19100 0.551
19200 0.542
19300 0.559
19400 0.546
19500 0.553
19600 0.555
19700 0.549
19800 0.568
19900 0.567
20000 0.566
20100 0.58
20200 0.569
20300 0.57
20400 0.599
20500 0.576
20600 0.602
20700 0.603
20800 0.616
20900 0.598
21000 0.611
21100 0.586
21200 0.607
21300 0.599
21400 0.62
21500 0.617
21600 0.597
21700 0.622
21800 0.611
21900 0.646
22000 0.637
22100 0.625
22200 0.637
22300 0.625
22400 0.643
22500 0.633
22600 0.643
22700 0.695
22800 0.677
22900 0.686
23000 0.66
23100 0.641
23200 0.651
23300 0.684
23400 0.671
23500 0.677
23600 0.665
23700 0.656
23800 0.707
23900 0.674
24000 0.682
24100 0.7
24200 0.676
24300 0.683
24400 0.693
24500 0.703
24600 0.673
24700 0.716
24800 0.721
24900 0.698
25000 0.715
25100 0.724
25200 0.724
25300 0.732
25400 0.732
25500 0.726
25600 0.742
25700 0.733
25800 0.739
25900 0.737
26000 0.755
26100 0.745
26200 0.746
26300 0.77
26400 0.738
26500 0.745
26600 0.751
26700 0.777
26800 0.797
26900 0.797
27000 0.778
27100 0.769
27200 0.783
27300 0.778
27400 0.784
27500 0.787
27600 0.773
27700 0.77
27800 0.782
27900 0.788
28000 0.79
28100 0.821
28200 0.806
28300 0.803
28400 0.823
28500 0.817
28600 0.802
28700 0.805
28800 0.817
28900 0.805
29000 0.837
29100 0.834
29200 0.84
29300 0.832
29400 0.862
29500 0.852
29600 0.824
29700 0.863
29800 0.852
29900 0.851
30000 0.85
30100 0.855
30200 0.863
30300 0.845
30400 0.847
30500 0.859
30600 0.853
30700 0.861
30800 0.894
30900 0.901
31000 0.883
31100 0.912
31200 0.904
31300 0.921
31400 0.916
31500 0.934
31600 0.95
31700 0.963
31800 0.948
31900 0.964
32000 0.962
32100 0.978
32200 0.985
32300 0.988
32400 1.005
32500 1.012
32600 0.99
32700 1.002
32800 1.012
32900 1.042
33000 1.038
33100 1.017
33200 1.047
33300 1.021
33400 1.049
33500 1.045
33600 1.097
33700 1.044
33800 1.072
33900 1.074
34000 1.086
34100 1.087
34200 1.087
34300 1.082
34400 1.081
34500 1.076
34600 1.073
34700 1.077
34800 1.078
34900 1.086
35000 1.072
35100 1.088
35200 1.102
35300 1.105
35400 1.13
35500 1.115
35600 1.127
35700 1.117
35800 1.112
35900 1.155
36000 1.14
36100 1.132
36200 1.113
36300 1.14
36400 1.139
36500 1.139
36600 1.134
36700 1.138
36800 1.121
36900 1.145
37000 1.143
37100 1.16
37200 1.172
37300 1.158
37400 1.169
37500 1.167
37600 1.179
37700 1.195
37800 1.173
37900 1.178
38000 1.202
38100 1.17
38200 1.177
38300 1.184
38400 1.172
38500 1.209
38600 1.206
38700 1.195
38800 1.194
38900 1.211
39000 1.224
39100 1.207
39200 1.208
39300 1.232
39400 1.217
39500 1.219
39600 1.233
39700 1.25
39800 1.224
39900 1.243
40000 1.238
40100 1.221
40200 1.266
40300 1.248
40400 1.252
40500 1.237
40600 1.267
40700 1.251
40800 1.288
40900 1.268
41000 1.262
41100 1.294
41200 1.267
41300 1.27
41400 1.309
41500 1.288
41600 1.288
41700 1.307
41800 1.324
41900 1.308
42000 1.323
42100 1.321
42200 1.285
42300 1.336
42400 1.312
42500 1.323
42600 1.326
42700 1.298
42800 1.305
42900 1.325
43000 1.311
43100 1.332
43200 1.33
43300 1.339
43400 1.346
43500 1.373
43600 1.349
43700 1.358
43800 1.356
43900 1.346
44000 1.392
44100 1.347
44200 1.361
44300 1.355
44400 1.365
44500 1.352
44600 1.372
44700 1.357
44800 1.37
44900 1.409
45000 1.364
45100 1.41
45200 1.38
45300 1.403
45400 1.415
45500 1.423
45600 1.43
45700 1.415
45800 1.424
45900 1.458
46000 1.441
46100 1.41
46200 1.451
46300 1.414
46400 1.447
46500 1.453
46600 1.447
46700 1.415
46800 1.421
46900 1.43
47000 1.462
47100 1.439
47200 1.43
47300 1.447
47400 1.485
47500 1.452
47600 1.468
47700 1.467
47800 1.445
47900 1.448
48000 1.456
48100 1.49
48200 1.489
48300 1.499
48400 1.451
48500 1.494
48600 1.511
48700 1.489
48800 1.476
48900 1.491
49000 1.528
49100 1.549
49200 1.482
49300 1.501
49400 1.483
49500 1.525
49600 1.509
49700 1.505
49800 1.524
49900 1.512
50000 1.567
50100 1.559
50200 1.478
50300 1.572
50400 1.584
50500 1.562
50600 1.579
50700 1.589
50800 1.546
50900 1.567
51000 1.565
51100 1.56
51200 1.578
51300 1.573
51400 1.557
51500 1.569
51600 1.582
51700 1.581
51800 1.596
51900 1.604
52000 1.636
52100 1.61
52200 1.576
52300 1.603
52400 1.641
52500 1.61
52600 1.601
52700 1.606
52800 1.627
52900 1.579
53000 1.631
53100 1.61
53200 1.627
53300 1.673
53400 1.67
53500 1.677
53600 1.676
53700 1.716
53800 1.724
53900 1.704
54000 1.701
54100 1.675
54200 1.672
54300 1.702
54400 1.691
54500 1.7
54600 1.685
54700 1.663
54800 1.67
54900 1.697
55000 1.672
55100 1.703
55200 1.659
55300 1.69
55400 1.685
55500 1.689
55600 1.69
55700 1.683
55800 1.707
55900 1.693
56000 1.742
56100 1.703
56200 1.738
56300 1.76
56400 1.73
56500 1.722
56600 1.771
56700 1.743
56800 1.729
56900 1.758
57000 1.756
57100 1.756
57200 1.75
57300 1.755
57400 1.74
57500 1.731
57600 1.81
57700 1.765
57800 1.799
57900 1.772
58000 1.769
58100 1.802
58200 1.816
58300 1.775
58400 1.783
58500 1.792
58600 1.815
58700 1.843
58800 1.827
58900 1.789
59000 1.825
59100 1.829
59200 1.814
59300 1.822
59400 1.822
59500 1.806
59600 1.848
59700 1.809
59800 1.826
59900 1.849
60000 1.829
60100 1.877
60200 1.874
60300 1.879
60400 1.858
60500 1.844
60600 1.866
60700 1.883
60800 1.882
60900 1.89
61000 1.84
61100 1.9
61200 1.861
61300 1.868
61400 1.9
61500 1.932
61600 1.894
61700 1.943
61800 1.975
61900 1.963
62000 1.917
62100 1.948
62200 1.994
62300 1.944
62400 1.95
62500 1.998
62600 2.031
62700 2.023
62800 2.019
62900 2.055
63000 2.058
63100 2.033
63200 1.992
63300 2.048
63400 2.039
63500 2.042
63600 2.06
63700 2.052
63800 2.092
63900 2.07
64000 2.123
64100 2.111
64200 2.088
64300 2.154
64400 2.163
64500 2.096
64600 2.144
64700 2.158
64800 2.096
64900 2.14
65000 2.189
65100 2.172
65200 2.183
65300 2.195
65400 2.194
65500 2.208
65600 2.165
65700 2.173
65800 2.195
65900 2.188
66000 2.217
66100 2.215
66200 2.249
66300 2.21
66400 2.24
66500 2.268
66600 2.178
66700 2.24
66800 2.246
66900 2.272
67000 2.294
67100 2.284
67200 2.301
67300 2.306
67400 2.249
67500 2.271
67600 2.272
67700 2.291
67800 2.298
67900 2.312
68000 2.297
68100 2.325
68200 2.24
68300 2.358
68400 2.286
68500 2.3
68600 2.29
68700 2.306
68800 2.311
68900 2.351
69000 2.345
69100 2.362
69200 2.321
69300 2.342
69400 2.343
69500 2.357
69600 2.345
69700 2.342
69800 2.373
69900 2.298
70000 2.376
70100 2.319
70200 2.362
70300 2.383
70400 2.395
70500 2.372
70600 2.358
70700 2.353
70800 2.366
70900 2.425
71000 2.337
71100 2.379
71200 2.363
71300 2.407
71400 2.432
71500 2.357
71600 2.397
71700 2.438
71800 2.341
71900 2.388
72000 2.405
72100 2.453
72200 2.383
72300 2.412
72400 2.412
72500 2.413
72600 2.452
72700 2.388
72800 2.405
72900 2.426
73000 2.419
73100 2.43
73200 2.459
73300 2.442
73400 2.455
73500 2.446
73600 2.475
73700 2.482
73800 2.51
73900 2.489
74000 2.492
74100 2.435
74200 2.467
74300 2.469
74400 2.501
74500 2.488
74600 2.471
74700 2.491
74800 2.51
74900 2.508
75000 2.528
75100 2.506
75200 2.492
75300 2.501
75400 2.56
75500 2.532
75600 2.521
75700 2.542
75800 2.509
75900 2.514
76000 2.558
76100 2.544
76200 2.556
76300 2.558
76400 2.517
76500 2.518
76600 2.52
76700 2.536
76800 2.532
76900 2.58
77000 2.601
77100 2.543
77200 2.554
77300 2.566
77400 2.592
77500 2.593
77600 2.558
77700 2.581
77800 2.567
77900 2.591
78000 2.555
78100 2.606
78200 2.587
78300 2.592
78400 2.554
78500 2.636
78600 2.645
78700 2.635
78800 2.625
78900 2.602
79000 2.583
79100 2.64
79200 2.576
79300 2.606
79400 2.616
79500 2.613
79600 2.651
79700 2.642
79800 2.66
79900 2.644
80000 2.666
80100 2.64
80200 2.629
80300 2.664
80400 2.691
80500 2.662
80600 2.64
80700 2.651
80800 2.685
80900 2.716
81000 2.635
81100 2.681
81200 2.696
81300 2.716
81400 2.652
81500 2.715
81600 2.667
81700 2.669
81800 2.731
81900 2.717
82000 2.715
82100 2.73
82200 2.755
82300 2.947
82400 2.908
82500 2.834
82600 2.837
82700 2.851
82800 2.863
82900 2.814
83000 2.776
83100 2.793
83200 2.802
83300 2.78
83400 2.793
83500 2.821
83600 2.821
83700 2.78
83800 2.812
83900 2.77
84000 2.801
84100 2.807
84200 2.825
84300 2.825
84400 2.783
84500 2.827
84600 2.814
84700 2.749
84800 2.853
84900 2.802
85000 2.792
85100 2.8
85200 2.811
85300 2.824
85400 2.774
85500 2.821
85600 2.852
85700 2.791
85800 2.854
85900 2.868
86000 2.834
86100 2.816
86200 2.861
86300 2.858
86400 2.853
86500 2.853
86600 2.874
86700 2.911
86800 2.896
86900 2.894
87000 2.848
87100 2.869
87200 2.892
87300 2.892
87400 2.903
87500 2.848
87600 2.897
87700 2.896
87800 2.885
87900 2.891
88000 2.905
88100 2.895
88200 2.9
88300 2.896
88400 2.916
88500 2.926
88600 2.911
88700 2.95
88800 2.941
88900 2.993
89000 2.971
89100 2.922
89200 2.935
89300 2.913
89400 2.938
89500 2.926
89600 2.974
89700 2.972
89800 2.994
89900 2.948
90000 2.96
90100 2.976
90200 2.951
90300 2.958
90400 2.99
90500 2.984
90600 2.973
90700 2.988
90800 2.995
90900 3.035
91000 2.97
91100 3.134
91200 3.073
91300 3.01
91400 3.041
91500 3.078
91600 3.142
91700 2.998
91800 3.061
91900 3.004
92000 3.04
92100 3.052
92200 3.032
92300 3.004
92400 3.064
92500 3.063
92600 3.066
92700 3.111
92800 3.053
92900 3.12
93000 3.1
93100 3.023
93200 3.086
93300 3.085
93400 3.077
93500 3.101
93600 3.058
93700 3.092
93800 3.085
93900 3.125
94000 3.107
94100 3.041
94200 3.104
94300 3.094
94400 3.174
94500 3.12
94600 3.11
94700 3.135
94800 3.089
94900 3.187
95000 3.194
95100 3.187
95200 3.154
95300 3.153
95400 3.164
95500 3.136
95600 3.132
95700 3.124
95800 3.156
95900 3.203
96000 3.164
96100 3.156
96200 3.179
96300 3.131
96400 3.181
96500 3.188
96600 3.158
96700 3.155
96800 3.158
96900 3.23
97000 3.193
97100 3.173
97200 3.216
97300 3.217
97400 3.247
97500 3.247
97600 3.256
97700 3.233
97800 3.227
97900 3.252
98000 3.276
98100 3.27
98200 3.191
98300 3.203
98400 3.247
98500 3.225
98600 3.24
98700 3.227
98800 3.231
98900 3.288
99000 3.288
99100 3.265
99200 3.209
99300 3.246
99400 3.261
99500 3.29
99600 3.318
99700 3.32
99800 3.346
99900 3.276
100000 3.332
