600 0.008
700 0.009
800 0.011
900 0.012
1000 0.015
1100 0.017
1200 0.019
1300 0.02
1400 0.022
1500 0.026
1600 0.025
1700 0.026
1800 0.029
1900 0.03
2000 0.034
2100 0.04
2200 0.041
2300 0.043
2400 0.043
2500 0.045
2600 0.052
2700 0.048
2800 0.049
2900 0.053
3000 0.055
3100 0.058
3200 0.057
3300 0.058
3400 0.065
3500 0.063
3600 0.066
3700 0.068
3800 0.067
3900 0.07
4000 0.076
4100 0.089
4200 0.087
4300 0.091
4400 0.092
4500 0.096
4600 0.095
4700 0.104
4800 0.106
4900 0.109
5000 0.099
5100 0.108
5200 0.103
5300 0.105
5400 0.111
5500 0.111
5600 0.117
5700 0.121
5800 0.123
5900 0.124
6000 0.121
6100 0.125
6200 0.123
6300 0.136
6400 0.126
6500 0.136
6600 0.136
6700 0.134
6800 0.153
6900 0.143
7000 0.148
7100 0.141
7200 0.153
7300 0.162
7400 0.148
7500 0.164
7600 0.151
7700 0.164
7800 0.173
7900 0.178
8000 0.172
8100 0.176
8200 0.194
8300 0.198
8400 0.201
8500 0.206
8600 0.213
8700 0.211
8800 0.196
8900 0.216
9000 0.209
9100 0.215
9200 0.208
9300 0.216
9400 0.212
9500 0.227
9600 0.216
9700 0.246
9800 0.25
9900 0.229
10000 0.231
10100 0.232
10200 0.226
10300 0.24
10400 0.233
10500 0.244
10600 0.242
10700 0.246
10800 0.246
10900 0.251
11000 0.241
11100 0.246
11200 0.261
11300 0.261
11400 0.268
11500 0.254
11600 0.271
11700 0.271
11800 0.269
11900 0.272
12000 0.287
12100 0.281
12200 0.29
12300 0.269
12400 0.28
12500 0.287
12600 0.282
12700 0.286
12800 0.295
12900 0.292
13000 0.295
13100 0.292
13200 0.299
13300 0.304
13400 0.312
13500 0.318
13600 0.319
13700 0.316
13800 0.305
13900 0.313
14000 0.309
14100 0.318
14200 0.33
14300 0.338
14400 0.349
14500 0.323
14600 0.361
14700 0.331
14800 0.334
14900 0.347
15000 0.34
15100 0.351
15200 0.335
15300 0.346
15400 0.354
15500 0.346
15600 0.364
15700 0.363
15800 0.369
15900 0.385
16000 0.383
16100 0.393
16200 0.394
16300 0.412
16400 0.408
16500 0.409
16600 0.412
16700 0.425
16800 0.431
16900 0.43
17000 0.417
17100 0.423
17200 0.427
17300 0.429
17400 0.425
17500 0.434
17600 0.439
17700 0.448
17800 0.455
17900 0.445
18000 0.45
18100 0.457
18200 0.449
18300 0.464
18400 0.462
18500 0.451
18600 0.454
18700 0.462
18800 0.459
18900 0.469
19000 0.479
19100 0.473
19200 0.472
19300 0.478
19400 0.477
19500 0.475
19600 0.484
19700 0.489
19800 0.484
19900 0.5
20000 0.485
20100 0.502
20200 0.503
20300 0.497
20400 0.507
20500 0.515
20600 0.491
20700 0.52
20800 0.51
20900 0.503
21000 0.508
21100 0.518
21200 0.533
21300 0.525
21400 0.536
21500 0.53
21600 0.524
21700 0.534
21800 0.527
21900 0.537
22000 0.538
22100 0.565
22200 0.555
22300 0.539
22400 0.553
22500 0.556
22600 0.566
22700 0.567
22800 0.587
22900 0.569
23000 0.553
23100 0.569
23200 0.557
23300 0.575
23400 0.562
23500 0.571
23600 0.559
23700 0.568
23800 0.58
23900 0.585
24000 0.59
24100 0.584
24200 0.594
24300 0.595
24400 0.608
24500 0.589
24600 0.596
24700 0.592
24800 0.58
24900 0.603
25000 0.616
25100 0.618
25200 0.62
25300 0.639
25400 0.645
25500 0.617
25600 0.617
25700 0.627
25800 0.638
25900 0.628
26000 0.675
26100 0.651
26200 0.631
26300 0.631
26400 0.644
26500 0.659
26600 0.629
26700 0.652
26800 0.676
26900 0.68
27000 0.646
27100 0.647
27200 0.656
27300 0.669
27400 0.661
27500 0.659
27600 0.664
27700 0.672
27800 0.67
27900 0.665
28000 0.689
28100 0.679
28200 0.675
28300 0.703
28400 0.695
28500 0.7
28600 0.697
28700 0.672
28800 0.694
28900 0.699
29000 0.706
29100 0.703
29200 0.708
29300 0.726
29400 0.726
29500 0.711
29600 0.709
29700 0.707
29800 0.714
29900 0.716
30000 0.745
30100 0.743
30200 0.729
30300 0.726
30400 0.738
30500 0.74
30600 0.734
30700 0.741
30800 0.745
30900 0.748
31000 0.736
31100 0.77
31200 0.769
31300 0.785
31400 0.804
31500 0.829
31600 0.825
31700 0.826
31800 0.816
31900 0.811
32000 0.828
32100 0.85
32200 0.835
32300 0.853
32400 0.846
32500 0.862
32600 0.873
32700 0.882
32800 0.873
32900 0.886
33000 0.906
33100 0.894
33200 0.919
33300 0.88
33400 0.912
33500 0.901
33600 0.928
33700 0.935
33800 0.903
33900 0.919
34000 0.953
34100 0.929
34200 0.926
34300 0.926
34400 0.918
34500 0.946
34600 0.926
34700 0.936
34800 0.941
34900 0.94
35000 0.934
35100 0.944
35200 0.966
35300 0.962
35400 0.975
35500 0.969
35600 0.975
35700 0.944
35800 0.982
35900 0.994
36000 1.003
36100 0.99
36200 0.957
36300 0.983
36400 0.962
36500 0.987
36600 0.994
36700 0.99
36800 0.977
36900 0.985
37000 0.998
37100 1.024
37200 1.024
37300 0.998
37400 1.009
37500 1.026
37600 1.017
37700 1.035
37800 1.017
37900 1.034
38000 1.017
38100 1.01
38200 1.018
38300 1.028
38400 1.028
38500 1.042
38600 1.041
38700 1.032
38800 1.063
38900 1.037
39000 1.048
39100 1.057
39200 1.055
39300 1.065
39400 1.041
39500 1.073
39600 1.058
39700 1.07
39800 1.072
39900 1.08
40000 1.058
40100 1.064
40200 1.069
40300 1.08
40400 1.084
40500 1.074
40600 1.08
40700 1.091
40800 1.068
40900 1.072
41000 1.097
41100 1.111
41200 1.09
41300 1.125
41400 1.134
41500 1.104
41600 1.124
41700 1.112
41800 1.123
41900 1.138
42000 1.15
42100 1.137
42200 1.1
42300 1.128
42400 1.114
42500 1.125
42600 1.158
42700 1.121
42800 1.133
42900 1.141
43000 1.125
43100 1.152
43200 1.165
43300 1.166
43400 1.168
43500 1.189
43600 1.141
43700 1.157
43800 1.19
43900 1.153
44000 1.17
44100 1.189
44200 1.181
44300 1.177
44400 1.208
44500 1.191
44600 1.148
44700 1.18
44800 1.177
44900 1.194
45000 1.206
45100 1.186
45200 1.212
45300 1.218
45400 1.216
45500 1.239
45600 1.239
45700 1.237
45800 1.243
45900 1.211
46000 1.232
46100 1.241
46200 1.229
46300 1.219
46400 1.235
46500 1.262
46600 1.242
46700 1.245
46800 1.237
46900 1.242
47000 1.252
47100 1.225
47200 1.242
47300 1.225
47400 1.247
47500 1.252
47600 1.272
47700 1.268
47800 1.259
47900 1.263
48000 1.246
48100 1.269
48200 1.296
48300 1.291
48400 1.271
48500 1.272
48600 1.293
48700 1.268
48800 1.261
48900 1.279
49000 1.287
49100 1.296
49200 1.266
49300 1.291
49400 1.292
49500 1.301
49600 1.301
49700 1.293
49800 1.312
49900 1.313
50000 1.335
50100 1.333
50200 1.289
50300 1.317
50400 1.304
50500 1.34
50600 1.349
50700 1.353
50800 1.303
50900 1.334
51000 1.33
51100 1.347
51200 1.325
51300 1.333
51400 1.34
51500 1.372
51600 1.366
51700 1.352
51800 1.38
51900 1.378
52000 1.371
52100 1.378
52200 1.375
52300 1.391
52400 1.402
52500 1.351
52600 1.389
52700 1.394
52800 1.384
52900 1.385
53000 1.405
53100 1.361
53200 1.4
53300 1.409
53400 1.432
53500 1.417
53600 1.42
53700 1.422
53800 1.404
53900 1.455
54000 1.432
54100 1.448
54200 1.429
54300 1.417
54400 1.432
54500 1.46
54600 1.459
54700 1.426
54800 1.438
54900 1.441
55000 1.456
55100 1.459
55200 1.453
55300 1.429
55400 1.454
55500 1.455
55600 1.441
55700 1.48
55800 1.446
55900 1.505
56000 1.496
56100 1.457
56200 1.478
56300 1.497
56400 1.464
56500 1.497
56600 1.509
56700 1.505
56800 1.503
56900 1.507
57000 1.504
57100 1.51
57200 1.51
57300 1.487
57400 1.481
57500 1.502
57600 1.511
57700 1.533
57800 1.508
57900 1.499
58000 1.529
58100 1.538
58200 1.522
58300 1.526
58400 1.513
58500 1.54
58600 1.559
58700 1.542
58800 1.591
58900 1.534
59000 1.538
59100 1.559
59200 1.564
59300 1.566
59400 1.573
59500 1.554
59600 1.569
59700 1.534
59800 1.572
59900 1.58
60000 1.58
60100 1.596
60200 1.593
60300 1.615
60400 1.571
60500 1.573
60600 1.6
60700 1.602
60800 1.603
60900 1.602
61000 1.577
61100 1.601
61200 1.591
61300 1.596
61400 1.611
61500 1.608
61600 1.614
61700 1.624
61800 1.67
61900 1.678
62000 1.615
62100 1.652
62200 1.68
62300 1.66
62400 1.668
62500 1.686
62600 1.703
62700 1.733
62800 1.714
62900 1.758
63000 1.747
63100 1.723
63200 1.717
63300 1.73
63400 1.746
63500 1.754
63600 1.773
63700 1.791
63800 1.805
63900 1.813
64000 1.817
64100 1.788
64200 1.803
64300 1.858
64400 1.846
64500 1.792
64600 1.848
64700 1.858
64800 1.813
64900 1.844
65000 1.903
65100 1.89
65200 1.876
65300 1.898
65400 1.902
65500 1.913
65600 1.88
65700 1.889
65800 1.883
65900 1.914
66000 1.911
66100 1.922
66200 1.962
66300 1.903
66400 1.935
66500 1.966
66600 1.903
66700 1.933
66800 1.959
66900 1.939
67000 1.977
67100 1.979
67200 1.988
67300 1.989
67400 1.919
67500 1.976
67600 1.964
67700 1.972
67800 1.956
67900 1.993
68000 2.001
68100 2.018
68200 1.948
68300 1.986
68400 1.963
68500 1.983
68600 1.979
68700 1.991
68800 1.999
68900 2.025
69000 2.03
69100 2.036
69200 1.996
69300 2.024
69400 2.008
69500 2.02
69600 2.017
69700 2.003
69800 2.037
69900 1.995
70000 2.019
70100 2.031
70200 2.043
70300 2.047
70400 2.037
70500 2.025
70600 2.034
70700 2.009
70800 2.048
70900 2.065
71000 2.024
71100 2.053
71200 2.066
71300 2.068
71400 2.102
71500 2.016
71600 2.07
71700 2.092
71800 2.045
71900 2.08
72000 2.069
72100 2.089
72200 2.071
72300 2.087
72400 2.093
72500 2.064
72600 2.094
72700 2.073
72800 2.061
72900 2.101
73000 2.086
73100 2.1
73200 2.111
73300 2.09
73400 2.112
73500 2.097
73600 2.144
73700 2.137
73800 2.14
73900 2.155
74000 2.173
74100 2.093
74200 2.123
74300 2.127
74400 2.179
74500 2.117
74600 2.151
74700 2.16
74800 2.164
74900 2.135
75000 2.18
75100 2.154
75200 2.142
75300 2.207
75400 2.191
75500 2.169
75600 2.149
75700 2.192
75800 2.161
75900 2.183
76000 2.207
76100 2.19
76200 2.211
76300 2.208
76400 2.186
76500 2.202
76600 2.217
76700 2.171
76800 2.207
76900 2.225
77000 2.231
77100 2.179
77200 2.187
77300 2.201
77400 2.211
77500 2.197
77600 2.226
77700 2.221
77800 2.211
77900 2.224
78000 2.226
78100 2.231
78200 2.228
78300 2.247
78400 2.184
78500 2.273
78600 2.243
78700 2.263
78800 2.255
78900 2.283
79000 2.241
79100 2.277
79200 2.253
79300 2.259
79400 2.277
79500 2.229
79600 2.269
79700 2.279
79800 2.282
79900 2.265
80000 2.257
80100 2.29
80200 2.291
80300 2.298
80400 2.329
80500 2.265
80600 2.299
80700 2.299
80800 2.33
80900 2.31
81000 2.298
81100 2.311
81200 2.273
81300 2.305
81400 2.302
81500 2.307
81600 2.302
81700 2.285
81800 2.321
81900 2.343
82000 2.335
82100 2.348
82200 2.354
82300 2.517
82400 2.457
82500 2.416
82600 2.406
82700 2.398
82800 2.407
82900 2.359
83000 2.405
83100 2.397
83200 2.389
83300 2.405
83400 2.384
83500 2.393
83600 2.396
83700 2.368
83800 2.38
83900 2.353
84000 2.388
84100 2.41
84200 2.43
84300 2.405
84400 2.35
84500 2.392
84600 2.395
84700 2.377
84800 2.396
84900 2.378
85000 2.406
85100 2.379
85200 2.41
85300 2.388
85400 2.41
85500 2.398
85600 2.452
85700 2.419
85800 2.429
85900 2.435
86000 2.397
86100 2.428
86200 2.445
86300 2.448
86400 2.433
86500 2.428
86600 2.446
86700 2.467
86800 2.478
86900 2.487
87000 2.414
87100 2.444
87200 2.445
87300 2.449
87400 2.458
87500 2.45
87600 2.455
87700 2.476
87800 2.49
87900 2.451
88000 2.491
88100 2.461
88200 2.487
88300 2.502
88400 2.483
88500 2.496
88600 2.477
88700 2.53
88800 2.535
88900 2.537
89000 2.557
89100 2.477
89200 2.518
89300 2.479
89400 2.534
89500 2.531
89600 2.563
89700 2.501
89800 2.524
89900 2.522
90000 2.521
90100 2.519
90200 2.533
90300 2.53
90400 2.565
90500 2.543
90600 2.558
90700 2.557
90800 2.562
90900 2.566
91000 2.562
91100 2.628
91200 2.564
91300 2.603
91400 2.571
91500 2.621
91600 2.63
91700 2.608
91800 2.635
91900 2.602
92000 2.578
92100 2.595
92200 2.601
92300 2.603
92400 2.611
92500 2.608
92600 2.623
92700 2.606
92800 2.616
92900 2.65
93000 2.646
93100 2.608
93200 2.602
93300 2.573
93400 2.623
93500 2.628
93600 2.599
93700 2.639
93800 2.628
93900 2.668
94000 2.659
94100 2.613
94200 2.632
94300 2.653
94400 2.665
94500 2.64
94600 2.68
94700 2.67
94800 2.658
94900 2.669
95000 2.718
95100 2.702
95200 2.706
95300 2.689
95400 2.707
95500 2.666
95600 2.697
95700 2.681
95800 2.696
95900 2.729
96000 2.703
96100 2.723
96200 2.714
96300 2.652
96400 2.692
96500 2.748
96600 2.682
96700 2.713
96800 2.709
96900 2.747
97000 2.74
97100 2.733
97200 2.741
97300 2.746
97400 2.753
97500 2.75
97600 2.752
97700 2.75
97800 2.78
97900 2.755
98000 2.76
98100 2.716
98200 2.725
98300 2.726
98400 2.754
98500 2.722
98600 2.746
98700 2.741
98800 2.728
98900 2.8
99000 2.78
99100 2.763
99200 2.743
99300 2.762
99400 2.768
99500 2.783
99600 2.794
99700 2.778
99800 2.787
99900 2.791
100000 2.802
