600 0.008
700 0.01
800 0.011
900 0.012
1000 0.015
1100 0.017
1200 0.018
1300 0.024
1400 0.024
1500 0.025
1600 0.025
1700 0.027
1800 0.028
1900 0.03
2000 0.035
2100 0.042
2200 0.041
2300 0.04
2400 0.042
2500 0.044
2600 0.052
2700 0.049
2800 0.049
2900 0.053
3000 0.056
3100 0.06
3200 0.06
3300 0.062
3400 0.065
3500 0.068
3600 0.066
3700 0.067
3800 0.078
3900 0.075
4000 0.08
4100 0.084
4200 0.087
4300 0.09
4400 0.099
4500 0.088
4600 0.095
4700 0.096
4800 0.094
4900 0.101
5000 0.098
5100 0.105
5200 0.103
5300 0.106
5400 0.122
5500 0.11
5600 0.12
5700 0.122
5800 0.127
5900 0.117
6000 0.128
6100 0.124
6200 0.134
6300 0.126
6400 0.142
6500 0.138
6600 0.152
6700 0.141
6800 0.145
6900 0.15
7000 0.149
7100 0.154
7200 0.151
7300 0.153
7400 0.17
7500 0.156
7600 0.169
7700 0.167
7800 0.171
7900 0.181
8000 0.187
8100 0.19
8200 0.187
8300 0.194
8400 0.211
8500 0.199
8600 0.206
8700 0.192
8800 0.196
8900 0.207
9000 0.226
9100 0.216
9200 0.201
9300 0.21
9400 0.216
9500 0.211
9600 0.219
9700 0.211
9800 0.248
9900 0.234
10000 0.244
10100 0.259
10200 0.251
10300 0.237
10400 0.23
10500 0.242
10600 0.24
10700 0.253
10800 0.251
10900 0.265
11000 0.256
11100 0.275
11200 0.261
11300 0.269
11400 0.271
11500 0.275
11600 0.273
11700 0.272
11800 0.288
11900 0.29
12000 0.293
12100 0.289
12200 0.302
12300 0.315
12400 0.318
12500 0.293
12600 0.301
12700 0.316
12800 0.315
12900 0.326
13000 0.312
13100 0.321
13200 0.305
13300 0.324
13400 0.341
13500 0.341
13600 0.333
13700 0.343
13800 0.328
13900 0.337
14000 0.345
14100 0.337
14200 0.352
14300 0.358
14400 0.346
14500 0.357
14600 0.36
14700 0.352
14800 0.376
14900 0.357
15000 0.375
15100 0.373
15200 0.374
15300 0.365
15400 0.377
15500 0.387
15600 0.389
15700 0.402
15800 0.41
15900 0.402
16000 0.413
16100 0.409
16200 0.416
16300 0.407
16400 0.426
16500 0.424
16600 0.432
16700 0.433
16800 0.437
16900 0.43
17000 0.449
17100 0.441
17200 0.453
17300 0.466
17400 0.471
17500 0.458
17600 0.443
17700 0.458
17800 0.471
17900 0.464
18000 0.477
18100 0.449
18200 0.481
18300 0.468
18400 0.481
18500 0.473
18600 0.488
18700 0.495
18800 0.475
18900 0.479
19000 0.495
19100 0.494
19200 0.487
19300 0.498
19400 0.508
19500 0.506
19600 0.515
19700 0.522
19800 0.521
19900 0.52
20000 0.532
20100 0.519
20200 0.523
20300 0.52
20400 0.545
20500 0.533
20600 0.538
20700 0.521
20800 0.555
20900 0.559
21000 0.545
21100 0.563
21200 0.556
21300 0.551
21400 0.565
21500 0.563
21600 0.559
21700 0.576
21800 0.562
21900 0.59
22000 0.556
22100 0.568
22200 0.606
22300 0.583
22400 0.592
22500 0.576
22600 0.58
22700 0.597
22800 0.605
22900 0.609
23000 0.612
23100 0.608
23200 0.598
23300 0.6
23400 0.631
23500 0.616
23600 0.609
23700 0.619
23800 0.627
23900 0.618
24000 0.636
24100 0.63
24200 0.639
24300 0.627
24400 0.633
24500 0.655
24600 0.647
24700 0.647
24800 0.653
24900 0.657
25000 0.687
25100 0.659
25200 0.658
25300 0.696
25400 0.662
25500 0.656
25600 0.688
25700 0.687
25800 0.659
25900 0.682
26000 0.698
26100 0.665
26200 0.686
26300 0.685
26400 0.706
26500 0.705
26600 0.699
26700 0.72
26800 0.715
26900 0.725
27000 0.719
27100 0.713
27200 0.717
27300 0.708
27400 0.696
27500 0.717
27600 0.712
27700 0.718
27800 0.746
27900 0.738
28000 0.745
28100 0.752
28200 0.746
28300 0.744
28400 0.75
28500 0.76
28600 0.746
28700 0.736
28800 0.775
28900 0.772
29000 0.791
29100 0.773
29200 0.777
29300 0.78
29400 0.781
29500 0.797
29600 0.781
29700 0.79
29800 0.802
29900 0.801
30000 0.805
30100 0.791
30200 0.782
30300 0.803
30400 0.804
30500 0.813
30600 0.811
30700 0.808
30800 0.817
30900 0.854
31000 0.847
31100 0.854
31200 0.878
31300 0.873
31400 0.895
31500 0.887
31600 0.874
31700 0.9
31800 0.895
31900 0.903
32000 0.909
32100 0.896
32200 0.922
32300 0.901
32400 0.92
32500 0.896
32600 0.912
32700 0.92
32800 0.927
32900 0.95
33000 0.933
33100 0.912
33200 0.927
33300 0.936
33400 0.946
33500 0.962
33600 0.97
33700 0.955
33800 0.961
33900 0.98
34000 0.961
34100 0.984
34200 0.991
34300 0.988
34400 0.987
34500 0.99
34600 1.002
34700 0.998
34800 0.988
34900 0.998
35000 0.998
35100 1.003
35200 0.992
35300 0.998
35400 1.005
35500 1.025
35600 1.016
35700 0.994
35800 0.996
35900 1.017
36000 1.016
36100 1.027
36200 1.002
36300 1.016
36400 0.997
36500 1.017
36600 1.023
36700 1.032
36800 1.027
36900 1.067
37000 1.07
37100 1.058
37200 1.053
37300 1.053
37400 1.079
37500 1.071
37600 1.082
37700 1.072
37800 1.064
37900 1.082
38000 1.079
38100 1.079
38200 1.087
38300 1.104
38400 1.068
38500 1.098
38600 1.091
38700 1.093
38800 1.098
38900 1.088
39000 1.071
39100 1.115
39200 1.102
39300 1.114
39400 1.106
39500 1.14
39600 1.134
39700 1.141
39800 1.107
39900 1.134
40000 1.126
40100 1.138
40200 1.152
40300 1.143
40400 1.13
40500 1.137
40600 1.129
40700 1.146
40800 1.179
40900 1.194
41000 1.137
41100 1.164
41200 1.146
41300 1.186
41400 1.199
41500 1.162
41600 1.195
41700 1.169
41800 1.156
41900 1.185
42000 1.203
42100 1.228
42200 1.219
42300 1.228
42400 1.219
42500 1.185
42600 1.183
42700 1.194
42800 1.206
42900 1.216
43000 1.234
43100 1.208
43200 1.228
43300 1.232
43400 1.216
43500 1.213
43600 1.237
43700 1.246
43800 1.25
43900 1.239
44000 1.261
44100 1.234
44200 1.24
44300 1.247
44400 1.275
44500 1.269
44600 1.266
44700 1.274
44800 1.275
44900 1.283
45000 1.294
45100 1.281
45200 1.266
45300 1.282
45400 1.287
45500 1.293
45600 1.315
45700 1.296
45800 1.289
45900 1.305
46000 1.295
46100 1.324
46200 1.32
46300 1.286
46400 1.31
46500 1.341
46600 1.318
46700 1.33
46800 1.356
46900 1.365
47000 1.329
47100 1.318
47200 1.343
47300 1.359
47400 1.367
47500 1.349
47600 1.368
47700 1.37
47800 1.382
47900 1.389
48000 1.371
48100 1.381
48200 1.381
48300 1.393
48400 1.391
48500 1.362
48600 1.374
48700 1.379
48800 1.377
48900 1.393
49000 1.387
49100 1.376
49200 1.397
49300 1.401
49400 1.42
49500 1.414
49600 1.419
49700 1.412
49800 1.407
49900 1.432
50000 1.46
50100 1.422
50200 1.447
50300 1.438
50400 1.434
50500 1.433
50600 1.461
50700 1.453
50800 1.466
50900 1.495
51000 1.496
51100 1.444
51200 1.445
51300 1.478
51400 1.432
51500 1.477
51600 1.445
51700 1.46
51800 1.466
51900 1.487
52000 1.498
52100 1.515
52200 1.527
52300 1.542
52400 1.554
52500 1.526
52600 1.526
52700 1.473
52800 1.511
52900 1.513
53000 1.513
53100 1.513
53200 1.525
53300 1.538
53400 1.549
53500 1.539
53600 1.566
53700 1.598
53800 1.618
53900 1.593
54000 1.576
54100 1.58
54200 1.59
54300 1.562
54400 1.564
54500 1.556
54600 1.571
54700 1.558
54800 1.555
54900 1.603
55000 1.576
55100 1.576
55200 1.6
55300 1.592
55400 1.607
55500 1.608
55600 1.59
55700 1.574
55800 1.605
55900 1.612
56000 1.593
56100 1.646
56200 1.624
56300 1.644
56400 1.637
56500 1.648
56600 1.624
56700 1.652
56800 1.607
56900 1.665
57000 1.662
57100 1.653
57200 1.631
57300 1.653
57400 1.647
57500 1.665
57600 1.681
57700 1.703
57800 1.705
57900 1.735
58000 1.754
58100 1.734
58200 1.714
58300 1.709
58400 1.711
58500 1.698
58600 1.727
58700 1.702
58800 1.716
58900 1.728
59000 1.686
59100 1.703
59200 1.701
59300 1.74
59400 1.707
59500 1.713
59600 1.72
59700 1.74
59800 1.723
59900 1.738
60000 1.721
60100 1.708
60200 1.733
60300 1.72
60400 1.741
60500 1.736
60600 1.78
60700 1.771
60800 1.79
60900 1.793
61000 1.808
61100 1.787
61200 1.734
61300 1.772
61400 1.765
61500 1.769
61600 1.785
61700 1.811
61800 1.809
61900 1.826
62000 1.815
62100 1.896
62200 1.856
62300 1.866
62400 1.896
62500 1.9
62600 1.888
62700 1.881
62800 1.859
62900 1.899
63000 1.925
63100 1.925
63200 1.936
63300 1.929
63400 1.93
63500 1.928
63600 1.938
63700 1.935
63800 1.977
63900 1.979
64000 1.983
64100 1.987
64200 1.982
64300 1.96
64400 1.952
64500 1.962
64600 1.99
64700 1.986
64800 1.974
64900 2.003
65000 1.987
65100 1.994
65200 1.952
65300 2.001
65400 1.988
65500 1.978
65600 1.994
65700 2.016
65800 2.026
65900 2.039
66000 2.041
66100 2.067
66200 2.06
66300 2.066
66400 2.007
66500 2.041
66600 2.084
66700 2.079
66800 2.022
66900 2.053
67000 2.059
67100 2.062
67200 2.045
67300 2.067
67400 2.047
67500 2.1
67600 2.081
67700 2.068
67800 2.126
67900 2.143
68000 2.109
68100 2.109
68200 2.128
68300 2.107
68400 2.095
68500 2.096
68600 2.069
68700 2.154
68800 2.138
68900 2.148
69000 2.156
69100 2.085
69200 2.122
69300 2.155
69400 2.162
69500 2.137
69600 2.129
69700 2.109
69800 2.109
69900 2.127
70000 2.141
70100 2.166
70200 2.152
70300 2.161
70400 2.145
70500 2.159
70600 2.163
70700 2.187
70800 2.206
70900 2.211
71000 2.187
71100 2.2
71200 2.148
71300 2.155
71400 2.16
71500 2.186
71600 2.231
71700 2.205
71800 2.214
71900 2.18
72000 2.217
72100 2.208
72200 2.232
72300 2.206
72400 2.195
72500 2.213
72600 2.222
72700 2.187
72800 2.252
72900 2.258
73000 2.243
73100 2.171
73200 2.224
73300 2.278
73400 2.199
73500 2.272
73600 2.26
73700 2.289
73800 2.25
73900 2.275
74000 2.277
74100 2.285
74200 2.287
74300 2.299
74400 2.321
74500 2.279
74600 2.313
74700 2.312
74800 2.328
74900 2.329
75000 2.302
75100 2.325
75200 2.327
75300 2.285
75400 2.294
75500 2.297
75600 2.319
75700 2.332
75800 2.353
75900 2.317
76000 2.336
76100 2.329
76200 2.348
76300 2.349
76400 2.365
76500 2.347
76600 2.368
76700 2.371
76800 2.362
76900 2.31
77000 2.337
77100 2.363
77200 2.379
77300 2.36
77400 2.367
77500 2.375
77600 2.411
77700 2.379
77800 2.379
77900 2.403
78000 2.428
78100 2.403
78200 2.415
78300 2.386
78400 2.437
78500 2.401
78600 2.397
78700 2.397
78800 2.437
78900 2.416
79000 2.416
79100 2.411
79200 2.414
79300 2.455
79400 2.405
79500 2.415
79600 2.444
79700 2.438
79800 2.44
79900 2.445
80000 2.446
80100 2.466
80200 2.455
80300 2.446
80400 2.486
80500 2.475
80600 2.473
80700 2.486
80800 2.454
80900 2.498
81000 2.503
81100 2.482
81200 2.49
81300 2.481
81400 2.501
81500 2.515
81600 2.517
81700 2.51
81800 2.514
81900 2.489
82000 2.521
82100 2.529
82200 2.536
82300 2.536
82400 2.498
82500 2.53
82600 2.544
82700 2.532
82800 2.532
82900 2.523
83000 2.564
83100 2.553
83200 2.551
83300 2.544
83400 2.535
83500 2.579
83600 2.61
83700 2.588
83800 2.59
83900 2.582
84000 2.584
84100 2.527
84200 2.566
84300 2.615
84400 2.619
84500 2.6
84600 2.585
84700 2.63
84800 2.647
84900 2.626
85000 2.604
85100 2.599
85200 2.64
85300 2.568
85400 2.592
85500 2.601
85600 2.613
85700 2.635
85800 2.585
85900 2.625
86000 2.616
86100 2.63
86200 2.636
86300 2.698
86400 2.671
86500 2.666
86600 2.672
86700 2.67
86800 2.672
86900 2.687
87000 2.689
87100 2.695
87200 2.709
87300 2.71
87400 2.694
87500 2.683
87600 2.683
87700 2.713
87800 2.691
87900 2.693
88000 2.687
88100 2.702
88200 2.715
88300 2.728
88400 2.698
88500 2.717
88600 2.689
88700 2.737
88800 2.756
88900 2.708
89000 2.726
89100 2.72
89200 2.701
89300 2.753
89400 2.756
89500 2.751
89600 2.749
89700 2.743
89800 2.746
89900 2.733
90000 2.776
90100 2.763
90200 2.78
90300 2.819
90400 2.791
90500 2.747
90600 2.801
90700 2.812
90800 2.796
90900 2.829
91000 2.794
91100 2.816
91200 2.81
91300 2.844
91400 2.849
91500 2.779
91600 2.833
91700 2.85
91800 2.84
91900 2.851
92000 2.851
92100 2.826
92200 2.841
92300 2.839
92400 2.84
92500 2.863
92600 2.854
92700 2.868
92800 2.804
92900 2.866
93000 2.841
93100 2.863
93200 2.867
93300 2.86
93400 2.888
93500 2.887
93600 2.876
93700 2.898
93800 2.909
93900 2.934
94000 2.92
94100 2.9
94200 2.861
94300 2.888
94400 2.88
94500 2.921
94600 2.907
94700 3.018
94800 2.966
94900 2.945
95000 2.915
95100 2.963
95200 2.976
95300 2.937
95400 2.942
95500 2.934
95600 2.943
95700 2.955
95800 2.959
95900 2.94
96000 2.968
96100 2.982
96200 3.006
96300 2.983
96400 2.933
96500 2.969
96600 2.985
96700 2.977
96800 2.974
96900 2.991
97000 2.992
97100 2.979
97200 3.017
97300 2.993
97400 3.001
97500 2.978
97600 2.995
97700 3.033
97800 3.014
97900 2.987
98000 2.993
98100 3.002
98200 2.998
98300 3.01
98400 3.052
98500 3.02
98600 3.003
98700 3.043
98800 3.083
98900 3.01
99000 3.039
99100 3.038
99200 3.084
99300 3.066
99400 3.071
99500 3.061
99600 3.08
99700 3.034
99800 3.061
99900 3.044
100000 3.069
