600 0.028
700 0.033
800 0.04
900 0.043
1000 0.043
1100 0.043
1200 0.047
1300 0.048
1400 0.054
1500 0.062
1600 0.062
1700 0.064
1800 0.063
1900 0.065
2000 0.062
2100 0.067
2200 0.064
2300 0.067
2400 0.066
2500 0.069
2600 0.073
2700 0.076
2800 0.079
2900 0.084
3000 0.09
3100 0.094
3200 0.096
3300 0.094
3400 0.091
3500 0.095
3600 0.097
3700 0.102
3800 0.099
3900 0.106
4000 0.099
4100 0.104
4200 0.148
4300 0.114
4400 0.121
4500 0.115
4600 0.127
4700 0.125
4800 0.12
4900 0.127
5000 0.127
5100 0.132
5200 0.135
5300 0.144
5400 0.152
5500 0.15
5600 0.157
5700 0.154
5800 0.171
5900 0.168
6000 0.181
6100 0.177
6200 0.194
6300 0.188
6400 0.187
6500 0.199
6600 0.193
6700 0.202
6800 0.206
6900 0.203
7000 0.211
7100 0.201
7200 0.221
7300 0.222
7400 0.226
7500 0.226
7600 0.227
7700 0.22
7800 0.221
7900 0.222
8000 0.232
8100 0.246
8200 0.221
8300 0.243
8400 0.245
8500 0.244
8600 0.244
8700 0.242
8800 0.239
8900 0.257
9000 0.257
9100 0.247
9200 0.244
9300 0.254
9400 0.253
9500 0.263
9600 0.267
9700 0.264
9800 0.274
9900 0.279
10000 0.273
10100 0.272
10200 0.289
10300 0.298
10400 0.303
10500 0.315
10600 0.329
10700 0.327
10800 0.303
10900 0.322
11000 0.347
11100 0.338
11200 0.334
11300 0.332
11400 0.349
11500 0.362
11600 0.368
11700 0.38
11800 0.387
11900 0.405
12000 0.397
12100 0.39
12200 0.411
12300 0.39
12400 0.402
12500 0.396
12600 0.42
12700 0.422
12800 0.428
12900 0.402
13000 0.426
13100 0.423
13200 0.427
13300 0.438
13400 0.437
13500 0.437
13600 0.439
13700 0.436
13800 0.428
13900 0.435
14000 0.439
14100 0.446
14200 0.444
14300 0.444
14400 0.456
14500 0.47
14600 0.459
14700 0.453
14800 0.459
14900 0.456
15000 0.468
15100 0.468
15200 0.466
15300 0.475
15400 0.464
15500 0.474
15600 0.481
15700 0.476
15800 0.491
15900 0.482
16000 0.49
16100 0.498
16200 0.507
16300 0.499
16400 0.498
16500 0.511
16600 0.499
16700 0.519
16800 0.503
16900 0.497
17000 0.519
17100 0.515
17200 0.532
17300 0.53
17400 0.536
17500 0.537
17600 0.522
17700 0.534
17800 0.531
17900 0.527
18000 0.527
18100 0.54
18200 0.546
18300 0.542
18400 0.537
18500 0.54
18600 0.54
18700 0.554
18800 0.556
18900 0.55
19000 0.554
19100 0.547
19200 0.572
19300 0.556
19400 0.566
19500 0.56
19600 0.57
19700 0.575
19800 0.583
19900 0.567
20000 0.587
20100 0.584
20200 0.576
20300 0.582
20400 0.589
20500 0.592
20600 0.615
20700 0.623
20800 0.631
20900 0.645
21000 0.631
21100 0.619
21200 0.651
21300 0.656
21400 0.643
21500 0.663
21600 0.658
21700 0.681
21800 0.661
21900 0.692
22000 0.701
22100 0.697
22200 0.691
22300 0.717
22400 0.719
22500 0.719
22600 0.716
22700 0.737
22800 0.744
22900 0.751
23000 0.749
23100 0.756
23200 0.74
23300 0.77
23400 0.794
23500 0.79
23600 0.776
23700 0.778
23800 0.808
23900 0.785
24000 0.793
24100 0.816
24200 0.825
24300 0.817
24400 0.818
24500 0.847
24600 0.871
24700 0.88
24800 0.845
24900 0.868
25000 0.867
25100 0.869
25200 0.878
25300 0.912
25400 0.861
25500 0.874
25600 0.874
25700 0.892
25800 0.875
25900 0.9
26000 0.882
26100 0.879
26200 0.896
26300 0.904
26400 0.893
26500 0.906
26600 0.891
26700 0.92
26800 0.915
26900 0.934
27000 0.932
27100 0.93
27200 0.938
27300 0.944
27400 0.926
27500 0.935
27600 0.933
27700 0.949
27800 0.927
27900 0.929
28000 0.953
28100 0.935
28200 0.938
28300 0.951
28400 0.944
28500 0.954
28600 0.939
28700 0.96
28800 0.965
28900 0.953
29000 0.975
29100 0.979
29200 0.979
29300 0.989
29400 0.991
29500 0.995
29600 1.001
29700 0.967
29800 0.998
29900 0.998
30000 0.992
30100 1.001
30200 1.009
30300 1.015
30400 1.017
30500 1.012
30600 1.006
30700 1.02
30800 0.995
30900 0.989
31000 1.009
31100 1.037
31200 1.023
31300 1.016
31400 1.052
31500 1.03
31600 1.042
31700 1.01
31800 1.029
31900 1.048
32000 1.055
32100 0.999
32200 1.041
32300 1.04
32400 1.022
32500 1.014
32600 1.05
32700 1.029
32800 1.055
32900 1.068
33000 1.061
33100 1.039
33200 1.063
33300 1.071
33400 1.079
33500 1.117
33600 1.114
33700 1.088
33800 1.088
33900 1.082
34000 1.101
34100 1.086
34200 1.105
34300 1.094
34400 1.089
34500 1.115
34600 1.097
34700 1.116
34800 1.151
34900 1.097
35000 1.101
35100 1.126
35200 1.141
35300 1.109
35400 1.164
35500 1.122
35600 1.112
35700 1.13
35800 1.148
35900 1.156
36000 1.13
36100 1.137
36200 1.151
36300 1.151
36400 1.166
36500 1.153
36600 1.164
36700 1.152
36800 1.178
36900 1.189
37000 1.192
37100 1.158
37200 1.166
37300 1.17
37400 1.192
37500 1.215
37600 1.171
37700 1.259
37800 1.183
37900 1.208
38000 1.221
38100 1.216
38200 1.223
38300 1.211
38400 1.198
38500 1.24
38600 1.25
38700 1.216
38800 1.204
38900 1.233
39000 1.241
39100 1.258
39200 1.253
39300 1.244
39400 1.257
39500 1.26
39600 1.266
39700 1.285
39800 1.279
39900 1.277
40000 1.244
40100 1.256
40200 1.293
40300 1.285
40400 1.323
40500 1.404
40600 1.373
40700 1.353
40800 1.279
40900 1.283
41000 1.315
41100 1.289
41200 1.306
41300 1.283
41400 1.315
41500 1.331
41600 1.336
41700 1.336
41800 1.325
41900 1.349
42000 1.364
42100 1.346
42200 1.375
42300 1.42
42400 1.354
42500 1.396
42600 1.369
42700 1.394
42800 1.397
42900 1.389
43000 1.441
43100 1.45
43200 1.398
43300 1.452
43400 1.434
43500 1.436
43600 1.454
43700 1.429
43800 1.485
43900 1.48
44000 1.488
44100 1.452
44200 1.481
44300 1.493
44400 1.52
44500 1.528
44600 1.554
44700 1.496
44800 1.535
44900 1.56
45000 1.631
45100 1.641
45200 1.586
45300 1.55
45400 1.607
45500 1.622
45600 1.61
45700 1.593
45800 1.589
45900 1.587
46000 1.624
46100 1.647
46200 1.674
46300 1.682
46400 1.675
46500 1.652
46600 1.662
46700 1.641
46800 1.674
46900 1.686
47000 1.641
47100 1.673
47200 1.694
47300 1.713
47400 1.691
47500 1.705
47600 1.729
47700 1.743
47800 1.696
47900 1.744
48000 1.746
48100 1.746
48200 1.72
48300 1.783
48400 1.766
48500 1.767
48600 1.78
48700 1.753
48800 1.772
48900 1.793
49000 1.769
49100 1.792
49200 1.766
49300 1.784
49400 1.839
49500 1.85
49600 1.836
49700 1.85
49800 1.855
49900 1.851
50000 1.852
50100 1.829
50200 1.862
50300 1.866
50400 1.816
50500 1.873
50600 1.883
50700 1.897
50800 1.916
50900 1.878
51000 1.875
51100 1.877
51200 1.887
51300 1.899
51400 1.879
51500 1.89
51600 1.905
51700 1.907
51800 1.921
51900 1.907
52000 1.888
52100 1.917
52200 1.906
52300 1.929
52400 1.936
52500 1.944
52600 1.897
52700 1.936
52800 1.938
52900 1.94
53000 1.913
53100 1.922
53200 1.929
53300 1.962
53400 1.893
53500 1.949
53600 1.917
53700 1.97
53800 1.978
53900 1.976
54000 1.954
54100 1.968
54200 1.957
54300 1.951
54400 1.975
54500 1.964
54600 1.952
54700 1.979
54800 1.989
54900 1.979
55000 1.985
55100 1.994
55200 2.002
55300 2.004
55400 1.977
55500 2.02
55600 2.003
55700 1.97
55800 1.989
55900 1.974
56000 1.997
56100 2.008
56200 2.01
56300 1.969
56400 2.001
56500 2.002
56600 1.974
56700 2.036
56800 2.041
56900 2.033
57000 2.029
57100 2.03
57200 2.047
57300 2.038
57400 2.056
57500 1.981
57600 2.049
57700 2.091
57800 2.096
57900 2.107
58000 2.078
58100 2.1
58200 2.045
58300 2.037
58400 2.094
58500 2.094
58600 2.083
58700 2.05
58800 2.112
58900 2.091
59000 2.095
59100 2.102
59200 2.082
59300 2.109
59400 2.101
59500 2.063
59600 2.104
59700 2.074
59800 2.14
59900 2.137
60000 2.103
60100 2.13
60200 2.132
60300 2.101
60400 2.11
60500 2.117
60600 2.139
60700 2.145
60800 2.145
60900 2.133
61000 2.108
61100 2.144
61200 2.174
61300 2.173
61400 2.168
61500 2.102
61600 2.165
61700 2.142
61800 2.151
61900 2.158
62000 2.18
62100 2.182
62200 2.147
62300 2.187
62400 2.152
62500 2.195
62600 2.19
62700 2.195
62800 2.204
62900 2.151
63000 2.181
63100 2.162
63200 2.182
63300 2.189
63400 2.188
63500 2.151
63600 2.163
63700 2.171
63800 2.193
63900 2.175
64000 2.191
64100 2.184
64200 2.186
64300 2.193
64400 2.166
64500 2.196
64600 2.191
64700 2.206
64800 2.19
64900 2.222
65000 2.197
65100 2.22
65200 2.228
65300 2.185
65400 2.162
65500 2.184
65600 2.19
65700 2.183
65800 2.258
65900 2.215
66000 2.272
66100 2.249
66200 2.241
66300 2.267
66400 2.273
66500 2.285
66600 2.282
66700 2.29
66800 2.296
66900 2.304
67000 2.293
67100 2.29
67200 2.334
67300 2.295
67400 2.279
67500 2.337
67600 2.261
67700 2.297
67800 2.346
67900 2.318
68000 2.341
68100 2.337
68200 2.331
68300 2.341
68400 2.339
68500 2.314
68600 2.348
68700 2.355
68800 2.344
68900 2.327
69000 2.338
69100 2.34
69200 2.366
69300 2.34
69400 2.361
69500 2.358
69600 2.372
69700 2.344
69800 2.373
69900 2.375
70000 2.379
70100 2.379
70200 2.388
70300 2.401
70400 2.383
70500 2.376
70600 2.409
70700 2.412
70800 2.437
70900 2.424
71000 2.432
71100 2.394
71200 2.401
71300 2.392
71400 2.436
71500 2.392
71600 2.427
71700 2.403
71800 2.394
71900 2.433
72000 2.431
72100 2.45
72200 2.43
72300 2.428
72400 2.421
72500 2.461
72600 2.434
72700 2.468
72800 2.432
72900 2.458
73000 2.454
73100 2.472
73200 2.465
73300 2.465
73400 2.461
73500 2.465
73600 2.47
73700 2.482
73800 2.504
73900 2.506
74000 2.507
74100 2.5
74200 2.482
74300 2.474
74400 2.505
74500 2.487
74600 2.508
74700 2.541
74800 2.537
74900 2.519
75000 2.545
75100 2.538
75200 2.545
75300 2.538
75400 2.539
75500 2.53
75600 2.585
75700 2.558
75800 2.543
75900 2.561
76000 2.559
76100 2.566
76200 2.589
76300 2.595
76400 2.561
76500 2.572
76600 2.613
76700 2.56
76800 2.58
76900 2.565
77000 2.593
77100 2.594
77200 2.604
77300 2.583
77400 2.595
77500 2.605
77600 2.612
77700 2.612
77800 2.578
77900 2.61
78000 2.608
78100 2.588
78200 2.617
78300 2.632
78400 2.618
78500 2.616
78600 2.64
78700 2.649
78800 2.657
78900 2.647
79000 2.675
79100 2.674
79200 2.62
79300 2.669
79400 2.635
79500 2.65
79600 2.682
79700 2.676
79800 2.637
79900 2.665
80000 2.682
80100 2.659
80200 2.678
80300 2.669
80400 2.698
80500 2.696
80600 2.701
80700 2.656
80800 2.692
80900 2.709
81000 2.664
81100 2.693
81200 2.685
81300 2.708
81400 2.683
81500 2.703
81600 2.7
81700 2.698
81800 2.724
81900 2.705
82000 2.721
82100 2.71
82200 2.744
82300 2.772
82400 2.809
82500 2.789
82600 2.804
82700 2.755
82800 2.782
82900 2.795
83000 2.794
83100 2.837
83200 2.793
83300 2.805
83400 2.83
83500 2.844
83600 2.817
83700 2.848
83800 2.862
83900 2.88
84000 2.895
84100 2.871
84200 2.89
84300 2.871
84400 2.907
84500 2.886
84600 2.934
84700 2.906
84800 2.956
84900 2.962
85000 2.944
85100 2.943
85200 2.965
85300 2.94
85400 2.98
85500 2.988
85600 3.003
85700 2.995
85800 2.96
85900 2.992
86000 3.063
86100 2.985
86200 2.992
86300 3.013
86400 2.987
86500 3.05
86600 3.02
86700 3.052
86800 3.064
86900 3.024
87000 3.037
87100 3.062
87200 3.098
87300 3.098
87400 3.114
87500 3.109
87600 3.086
87700 3.105
87800 3.142
87900 3.096
88000 3.111
88100 3.128
88200 3.154
88300 3.143
88400 3.138
88500 3.175
88600 3.156
88700 3.144
88800 3.168
88900 3.212
89000 3.186
89100 3.189
89200 3.197
89300 3.232
89400 3.157
89500 3.207
89600 3.249
89700 3.223
89800 3.243
89900 3.221
90000 3.219
90100 3.222
90200 3.247
90300 3.269
90400 3.257
90500 3.258
90600 3.238
90700 3.263
90800 3.265
90900 3.287
91000 3.288
91100 3.316
91200 3.307
91300 3.319
91400 3.348
91500 3.354
91600 3.374
91700 3.372
91800 3.377
91900 3.42
92000 3.359
92100 3.4
92200 3.406
92300 3.38
92400 3.394
92500 3.435
92600 3.395
92700 3.397
92800 3.409
92900 3.426
93000 3.464
93100 3.456
93200 3.437
93300 3.489
93400 3.436
93500 3.46
93600 3.454
93700 3.508
93800 3.516
93900 3.506
94000 3.496
94100 3.502
94200 3.489
94300 3.54
94400 3.56
94500 3.561
94600 3.56
94700 3.58
94800 3.624
94900 3.612
95000 3.624
95100 3.644
95200 3.659
95300 3.601
95400 3.647
95500 3.587
95600 3.603
95700 3.658
95800 3.654
95900 3.694
96000 3.689
96100 3.629
96200 3.639
96300 3.666
96400 3.648
96500 3.676
96600 3.654
96700 3.698
96800 3.7
96900 3.683
97000 3.669
97100 3.691
97200 3.678
97300 3.717
97400 3.761
97500 3.741
97600 3.758
97700 3.776
97800 3.765
97900 3.76
98000 3.699
98100 3.752
98200 3.752
98300 3.737
98400 3.746
98500 3.763
98600 3.764
98700 3.799
98800 3.764
98900 3.787
99000 3.768
99100 3.771
99200 3.849
99300 3.776
99400 3.812
99500 3.862
99600 3.813
99700 3.834
99800 3.829
99900 3.886
100000 3.793
