600 0.006
700 0.007
800 0.008
900 0.009
1000 0.011
1100 0.014
1200 0.014
1300 0.016
1400 0.017
1500 0.02
1600 0.02
1700 0.02
1800 0.022
1900 0.022
2000 0.026
2100 0.029
2200 0.032
2300 0.03
2400 0.032
2500 0.033
2600 0.037
2700 0.035
2800 0.038
2900 0.043
3000 0.043
3100 0.045
3200 0.045
3300 0.043
3400 0.045
3500 0.047
3600 0.047
3700 0.055
3800 0.055
3900 0.056
4000 0.058
4100 0.073
4200 0.063
4300 0.065
4400 0.066
4500 0.064
4600 0.069
4700 0.07
4800 0.075
4900 0.078
5000 0.069
5100 0.072
5200 0.073
5300 0.077
5400 0.077
5500 0.084
5600 0.084
5700 0.091
5800 0.093
5900 0.085
6000 0.096
6100 0.089
6200 0.091
6300 0.097
6400 0.091
6500 0.104
6600 0.102
6700 0.1
6800 0.105
6900 0.101
7000 0.108
7100 0.101
7200 0.109
7300 0.112
7400 0.102
7500 0.115
7600 0.107
7700 0.117
7800 0.131
7900 0.127
8000 0.128
8100 0.126
8200 0.138
8300 0.146
8400 0.146
8500 0.141
8600 0.143
8700 0.145
8800 0.145
8900 0.155
9000 0.145
9100 0.142
9200 0.141
9300 0.15
9400 0.145
9500 0.153
9600 0.154
9700 0.167
9800 0.182
9900 0.157
10000 0.163
10100 0.164
10200 0.16
10300 0.165
10400 0.164
10500 0.161
10600 0.167
10700 0.17
10800 0.171
10900 0.175
11000 0.179
11100 0.186
11200 0.178
11300 0.18
11400 0.192
11500 0.187
11600 0.179
11700 0.194
11800 0.189
11900 0.19
12000 0.198
12100 0.199
12200 0.197
12300 0.189
12400 0.206
12500 0.197
12600 0.201
12700 0.209
12800 0.205
12900 0.209
13000 0.208
13100 0.201
13200 0.21
13300 0.208
13400 0.226
13500 0.22
13600 0.213
13700 0.22
13800 0.222
13900 0.213
14000 0.234
14100 0.225
14200 0.22
14300 0.237
14400 0.233
14500 0.226
14600 0.234
14700 0.23
14800 0.227
14900 0.234
15000 0.234
15100 0.235
15200 0.244
15300 0.236
15400 0.244
15500 0.253
15600 0.26
15700 0.256
15800 0.261
15900 0.254
16000 0.271
16100 0.281
16200 0.279
16300 0.282
16400 0.284
16500 0.28
16600 0.29
16700 0.304
16800 0.297
16900 0.293
17000 0.286
17100 0.297
17200 0.287
17300 0.298
17400 0.299
17500 0.297
17600 0.287
17700 0.31
17800 0.31
17900 0.304
18000 0.299
18100 0.307
18200 0.311
18300 0.314
18400 0.315
18500 0.326
18600 0.317
18700 0.307
18800 0.303
18900 0.319
19000 0.31
19100 0.321
19200 0.331
19300 0.308
19400 0.333
19500 0.333
19600 0.328
19700 0.323
19800 0.327
19900 0.317
20000 0.339
20100 0.319
20200 0.346
20300 0.342
20400 0.338
20500 0.354
20600 0.341
20700 0.353
20800 0.346
20900 0.353
21000 0.345
21100 0.358
21200 0.365
21300 0.353
21400 0.371
21500 0.352
21600 0.353
21700 0.363
21800 0.376
21900 0.363
22000 0.363
22100 0.368
22200 0.387
22300 0.387
22400 0.374
22500 0.38
22600 0.386
22700 0.388
22800 0.397
22900 0.397
23000 0.382
23100 0.381
23200 0.396
23300 0.402
23400 0.4
23500 0.403
23600 0.404
23700 0.405
23800 0.388
23900 0.396
24000 0.403
24100 0.399
24200 0.425
24300 0.424
24400 0.423
24500 0.403
24600 0.402
24700 0.399
24800 0.402
24900 0.421
25000 0.43
25100 0.432
25200 0.418
25300 0.446
25400 0.436
25500 0.411
25600 0.423
25700 0.44
25800 0.443
25900 0.438
26000 0.459
26100 0.425
26200 0.427
26300 0.44
26400 0.431
26500 0.449
26600 0.444
26700 0.448
26800 0.457
26900 0.468
27000 0.449
27100 0.436
27200 0.458
27300 0.449
27400 0.451
27500 0.444
27600 0.452
27700 0.473
27800 0.462
27900 0.448
28000 0.455
28100 0.448
28200 0.454
28300 0.473
28400 0.455
28500 0.492
28600 0.468
28700 0.463
28800 0.467
28900 0.478
29000 0.476
29100 0.481
29200 0.497
29300 0.484
29400 0.475
29500 0.482
29600 0.477
29700 0.48
29800 0.485
29900 0.496
30000 0.485
30100 0.492
30200 0.495
30300 0.499
30400 0.501
30500 0.501
30600 0.494
30700 0.501
30800 0.501
30900 0.503
31000 0.517
31100 0.523
31200 0.527
31300 0.531
31400 0.53
31500 0.532
31600 0.547
31700 0.558
31800 0.536
31900 0.554
32000 0.56
32100 0.565
32200 0.56
32300 0.573
32400 0.564
32500 0.566
32600 0.577
32700 0.572
32800 0.596
32900 0.584
33000 0.594
33100 0.609
33200 0.603
33300 0.597
33400 0.614
33500 0.603
33600 0.598
33700 0.599
33800 0.615
33900 0.604
34000 0.61
34100 0.606
34200 0.592
34300 0.618
34400 0.612
34500 0.624
34600 0.601
34700 0.61
34800 0.607
34900 0.617
35000 0.61
35100 0.619
35200 0.614
35300 0.643
35400 0.628
35500 0.646
35600 0.636
35700 0.618
35800 0.63
35900 0.641
36000 0.644
36100 0.627
36200 0.64
36300 0.636
36400 0.625
36500 0.628
36600 0.644
36700 0.643
36800 0.639
36900 0.632
37000 0.649
37100 0.659
37200 0.658
37300 0.651
37400 0.661
37500 0.657
37600 0.663
37700 0.665
37800 0.665
37900 0.659
38000 0.643
38100 0.652
38200 0.661
38300 0.659
38400 0.661
38500 0.675
38600 0.672
38700 0.675
38800 0.665
38900 0.66
39000 0.669
39100 0.685
39200 0.682
39300 0.697
39400 0.679
39500 0.687
39600 0.699
39700 0.694
39800 0.689
39900 0.703
40000 0.691
40100 0.69
40200 0.683
40300 0.685
40400 0.702
40500 0.68
40600 0.682
40700 0.714
40800 0.696
40900 0.684
41000 0.693
41100 0.71
41200 0.708
41300 0.703
41400 0.703
41500 0.722
41600 0.725
41700 0.734
41800 0.705
41900 0.725
42000 0.728
42100 0.742
42200 0.722
42300 0.729
42400 0.719
42500 0.732
42600 0.749
42700 0.721
42800 0.738
42900 0.748
43000 0.724
43100 0.747
43200 0.749
43300 0.752
43400 0.759
43500 0.773
43600 0.743
43700 0.752
43800 0.768
43900 0.755
44000 0.747
44100 0.768
44200 0.802
44300 0.785
44400 0.791
44500 0.773
44600 0.775
44700 0.77
44800 0.786
44900 0.782
45000 0.775
45100 0.804
45200 0.764
45300 0.793
45400 0.801
45500 0.802
45600 0.797
45700 0.802
45800 0.798
45900 0.785
46000 0.822
46100 0.802
46200 0.806
46300 0.807
46400 0.811
46500 0.834
46600 0.828
46700 0.801
46800 0.81
46900 0.801
47000 0.823
47100 0.819
47200 0.81
47300 0.801
47400 0.818
47500 0.833
47600 0.83
47700 0.826
47800 0.829
47900 0.815
48000 0.82
48100 0.826
48200 0.846
48300 0.849
48400 0.809
48500 0.829
48600 0.85
48700 0.822
48800 0.859
48900 0.824
49000 0.853
49100 0.854
49200 0.86
49300 0.844
49400 0.841
49500 0.843
49600 0.868
49700 0.854
49800 0.857
49900 0.856
50000 0.865
50100 0.88
50200 0.845
50300 0.865
50400 0.863
50500 0.882
50600 0.889
50700 0.91
50800 0.868
50900 0.891
51000 0.88
51100 0.881
51200 0.871
51300 0.867
51400 0.866
51500 0.876
51600 0.896
51700 0.903
51800 0.899
51900 0.927
52000 0.908
52100 0.894
52200 0.902
52300 0.911
52400 0.918
52500 0.879
52600 0.898
52700 0.9
52800 0.927
52900 0.892
53000 0.918
53100 0.908
53200 0.922
53300 0.927
53400 0.936
53500 0.932
53600 0.919
53700 0.943
53800 0.912
53900 0.932
54000 0.933
54100 0.925
54200 0.921
54300 0.923
54400 0.954
54500 0.952
54600 0.959
54700 0.919
54800 0.938
54900 0.929
55000 0.922
55100 0.953
55200 0.935
55300 0.936
55400 0.942
55500 0.966
55600 0.931
55700 0.955
55800 0.923
55900 0.956
56000 0.964
56100 0.96
56200 0.969
56300 0.964
56400 0.961
56500 0.968
56600 0.97
56700 0.977
56800 0.956
56900 0.98
57000 0.983
57100 0.978
57200 0.978
57300 0.954
57400 0.98
57500 0.958
57600 0.967
57700 0.977
57800 0.96
57900 0.988
58000 0.985
58100 1.0
58200 0.981
58300 0.951
58400 1.003
58500 0.991
58600 0.994
58700 0.986
58800 1.008
58900 0.981
59000 1.019
59100 0.992
59200 1.026
59300 1.015
59400 1.01
59500 1.019
59600 1.004
59700 0.995
59800 1.008
59900 1.05
60000 1.01
60100 1.041
60200 1.035
60300 1.027
60400 1.024
60500 1.02
60600 1.03
60700 1.031
60800 1.023
60900 1.029
61000 1.025
61100 1.04
61200 1.018
61300 1.038
61400 1.027
61500 1.047
61600 1.048
61700 1.057
61800 1.091
61900 1.074
62000 1.059
62100 1.058
62200 1.078
62300 1.08
62400 1.095
62500 1.063
62600 1.099
62700 1.115
62800 1.108
62900 1.115
63000 1.111
63100 1.09
63200 1.11
63300 1.114
63400 1.117
63500 1.147
63600 1.132
63700 1.137
63800 1.15
63900 1.152
64000 1.178
64100 1.139
64200 1.143
64300 1.174
64400 1.177
64500 1.157
64600 1.153
64700 1.191
64800 1.14
64900 1.188
65000 1.193
65100 1.193
65200 1.207
65300 1.207
65400 1.22
65500 1.22
65600 1.169
65700 1.194
65800 1.184
65900 1.237
66000 1.212
66100 1.234
66200 1.229
66300 1.195
66400 1.261
66500 1.259
66600 1.212
66700 1.224
66800 1.222
66900 1.245
67000 1.261
67100 1.274
67200 1.26
67300 1.278
67400 1.21
67500 1.256
67600 1.237
67700 1.254
67800 1.242
67900 1.281
68000 1.285
68100 1.279
68200 1.223
68300 1.26
68400 1.232
68500 1.25
68600 1.264
68700 1.27
68800 1.266
68900 1.296
69000 1.285
69100 1.278
69200 1.253
69300 1.27
69400 1.276
69500 1.266
69600 1.269
69700 1.289
69800 1.29
69900 1.253
70000 1.257
70100 1.266
70200 1.286
70300 1.291
70400 1.263
70500 1.282
70600 1.303
70700 1.283
70800 1.33
70900 1.308
71000 1.265
71100 1.281
71200 1.283
71300 1.318
71400 1.324
71500 1.295
71600 1.325
71700 1.336
71800 1.277
71900 1.305
72000 1.317
72100 1.302
72200 1.297
72300 1.32
72400 1.304
72500 1.294
72600 1.318
72700 1.313
72800 1.31
72900 1.326
73000 1.312
73100 1.33
73200 1.304
73300 1.36
73400 1.33
73500 1.349
73600 1.338
73700 1.343
73800 1.336
73900 1.358
74000 1.339
74100 1.31
74200 1.325
74300 1.364
74400 1.347
74500 1.343
74600 1.338
74700 1.346
74800 1.353
74900 1.346
75000 1.342
75100 1.388
75200 1.356
75300 1.346
75400 1.357
75500 1.367
75600 1.36
75700 1.364
75800 1.376
75900 1.355
76000 1.375
76100 1.355
76200 1.387
76300 1.388
76400 1.35
76500 1.369
76600 1.377
76700 1.385
76800 1.365
76900 1.395
77000 1.389
77100 1.342
77200 1.361
77300 1.337
77400 1.371
77500 1.383
77600 1.384
77700 1.375
77800 1.378
77900 1.405
78000 1.371
78100 1.378
78200 1.382
78300 1.413
78400 1.404
78500 1.394
78600 1.393
78700 1.412
78800 1.411
78900 1.412
79000 1.385
79100 1.404
79200 1.393
79300 1.392
79400 1.403
79500 1.376
79600 1.432
79700 1.427
79800 1.436
79900 1.415
80000 1.425
80100 1.427
80200 1.409
80300 1.444
80400 1.462
80500 1.404
80600 1.427
80700 1.444
80800 1.457
80900 1.453
81000 1.449
81100 1.461
81200 1.419
81300 1.426
81400 1.418
81500 1.435
81600 1.411
81700 1.472
81800 1.462
81900 1.445
82000 1.457
82100 1.495
82200 1.493
82300 1.567
82400 1.49
82500 1.491
82600 1.497
82700 1.515
82800 1.528
82900 1.491
83000 1.532
83100 1.521
83200 1.52
83300 1.522
83400 1.465
83500 1.54
83600 1.525
83700 1.44
83800 1.467
83900 1.511
84000 1.493
84100 1.509
84200 1.523
84300 1.504
84400 1.473
84500 1.55
84600 1.513
84700 1.475
84800 1.51
84900 1.472
85000 1.522
85100 1.481
85200 1.495
85300 1.496
85400 1.486
85500 1.51
85600 1.549
85700 1.497
85800 1.512
85900 1.542
86000 1.506
86100 1.5
86200 1.533
86300 1.547
86400 1.522
86500 1.528
86600 1.565
86700 1.545
86800 1.565
86900 1.575
87000 1.488
87100 1.528
87200 1.53
87300 1.515
87400 1.58
87500 1.511
87600 1.524
87700 1.527
87800 1.589
87900 1.544
88000 1.57
88100 1.498
88200 1.567
88300 1.592
88400 1.562
88500 1.584
88600 1.585
88700 1.624
88800 1.586
88900 1.619
89000 1.611
89100 1.573
89200 1.574
89300 1.592
89400 1.597
89500 1.598
89600 1.672
89700 1.589
89800 1.622
89900 1.579
90000 1.587
90100 1.579
90200 1.596
90300 1.606
90400 1.606
90500 1.62
90600 1.62
90700 1.621
90800 1.63
90900 1.617
91000 1.624
91100 1.675
91200 1.648
91300 1.637
91400 1.629
91500 1.674
91600 1.65
91700 1.656
91800 1.654
91900 1.655
92000 1.656
92100 1.643
92200 1.662
92300 1.625
92400 1.636
92500 1.673
92600 1.667
92700 1.632
92800 1.649
92900 1.679
93000 1.7
93100 1.673
93200 1.642
93300 1.627
93400 1.655
93500 1.685
93600 1.641
93700 1.667
93800 1.673
93900 1.656
94000 1.696
94100 1.641
94200 1.655
94300 1.672
94400 1.696
94500 1.661
94600 1.679
94700 1.682
94800 1.674
94900 1.713
95000 1.711
95100 1.715
95200 1.718
95300 1.711
95400 1.724
95500 1.666
95600 1.708
95700 1.689
95800 1.689
95900 1.714
96000 1.721
96100 1.726
96200 1.699
96300 1.695
96400 1.7
96500 1.73
96600 1.704
96700 1.73
96800 1.724
96900 1.764
97000 1.746
97100 1.722
97200 1.72
97300 1.73
97400 1.765
97500 1.769
97600 1.765
97700 1.763
97800 1.74
97900 1.741
98000 1.745
98100 1.722
98200 1.721
98300 1.719
98400 1.725
98500 1.713
98600 1.738
98700 1.726
98800 1.735
98900 1.765
99000 1.777
99100 1.73
99200 1.736
99300 1.766
99400 1.785
99500 1.766
99600 1.766
99700 1.744
99800 1.782
99900 1.824
100000 1.773
