600 0.031
700 0.038
800 0.044
900 0.047
1000 0.046
1100 0.049
1200 0.051
1300 0.056
1400 0.061
1500 0.069
1600 0.069
1700 0.072
1800 0.069
1900 0.072
2000 0.07
2100 0.074
2200 0.075
2300 0.074
2400 0.074
2500 0.076
2600 0.078
2700 0.086
2800 0.09
2900 0.096
3000 0.103
3100 0.103
3200 0.104
3300 0.107
3400 0.101
3500 0.104
3600 0.114
3700 0.107
3800 0.109
3900 0.131
4000 0.111
4100 0.112
4200 0.132
4300 0.12
4400 0.136
4500 0.129
4600 0.142
4700 0.126
4800 0.134
4900 0.15
5000 0.138
5100 0.141
5200 0.148
5300 0.164
5400 0.159
5500 0.179
5600 0.191
5700 0.18
5800 0.19
5900 0.185
6000 0.201
6100 0.198
6200 0.21
6300 0.205
6400 0.208
6500 0.224
6600 0.223
6700 0.221
6800 0.227
6900 0.223
7000 0.224
7100 0.223
7200 0.241
7300 0.247
7400 0.238
7500 0.252
7600 0.247
7700 0.244
7800 0.245
7900 0.252
8000 0.256
8100 0.268
8200 0.251
8300 0.253
8400 0.272
8500 0.266
8600 0.268
8700 0.265
8800 0.269
8900 0.285
9000 0.283
9100 0.294
9200 0.279
9300 0.298
9400 0.281
9500 0.287
9600 0.311
9700 0.295
9800 0.306
9900 0.296
10000 0.316
10100 0.323
10200 0.309
10300 0.312
10400 0.33
10500 0.338
10600 0.356
10700 0.366
10800 0.36
10900 0.367
11000 0.36
11100 0.379
11200 0.384
11300 0.374
11400 0.386
11500 0.401
11600 0.403
11700 0.412
11800 0.407
11900 0.439
12000 0.422
12100 0.452
12200 0.449
12300 0.435
12400 0.454
12500 0.45
12600 0.463
12700 0.459
12800 0.471
12900 0.461
13000 0.45
13100 0.465
13200 0.469
13300 0.475
13400 0.497
13500 0.483
13600 0.477
13700 0.477
13800 0.498
13900 0.49
14000 0.498
14100 0.493
14200 0.505
14300 0.5
14400 0.516
14500 0.514
14600 0.524
14700 0.509
14800 0.522
14900 0.52
15000 0.512
15100 0.526
15200 0.52
15300 0.526
15400 0.538
15500 0.537
15600 0.535
15700 0.531
15800 0.53
15900 0.544
16000 0.543
16100 0.543
16200 0.558
16300 0.56
16400 0.557
16500 0.555
16600 0.56
16700 0.575
16800 0.576
16900 0.56
17000 0.567
17100 0.567
17200 0.567
17300 0.576
17400 0.592
17500 0.579
17600 0.6
17700 0.582
17800 0.59
17900 0.586
18000 0.605
18100 0.605
18200 0.6
18300 0.613
18400 0.595
18500 0.614
18600 0.614
18700 0.616
18800 0.607
18900 0.64
19000 0.615
19100 0.625
19200 0.626
19300 0.643
19400 0.639
19500 0.642
19600 0.649
19700 0.641
19800 0.645
19900 0.657
20000 0.667
20100 0.673
20200 0.659
20300 0.657
20400 0.664
20500 0.675
20600 0.669
20700 0.685
20800 0.691
20900 0.702
21000 0.697
21100 0.702
21200 0.717
21300 0.725
21400 0.714
21500 0.752
21600 0.757
21700 0.725
21800 0.742
21900 0.773
22000 0.769
22100 0.783
22200 0.78
22300 0.798
22400 0.813
22500 0.791
22600 0.804
22700 0.826
22800 0.838
22900 0.833
23000 0.843
23100 0.85
23200 0.852
23300 0.841
23400 0.848
23500 0.876
23600 0.876
23700 0.907
23800 0.886
23900 0.895
24000 0.889
24100 0.91
24200 0.919
24300 0.926
24400 0.926
24500 0.921
24600 0.944
24700 0.945
24800 0.942
24900 0.979
25000 0.961
25100 0.957
25200 0.984
25300 0.971
25400 0.96
25500 0.989
25600 0.994
25700 0.987
25800 0.998
25900 0.977
26000 0.991
26100 0.966
26200 0.978
26300 1.004
26400 0.985
26500 1.025
26600 0.994
26700 1.03
26800 1.022
26900 1.051
27000 1.039
27100 1.037
27200 1.049
27300 1.043
27400 1.025
27500 1.048
27600 1.054
27700 1.062
27800 1.037
27900 1.032
28000 1.064
28100 1.052
28200 1.062
28300 1.045
28400 1.08
28500 1.08
28600 1.053
28700 1.083
28800 1.098
28900 1.094
29000 1.113
29100 1.078
29200 1.07
29300 1.099
29400 1.128
29500 1.133
29600 1.09
29700 1.09
29800 1.12
29900 1.119
30000 1.095
30100 1.137
30200 1.114
30300 1.148
30400 1.119
30500 1.134
30600 1.136
30700 1.141
30800 1.127
30900 1.12
31000 1.151
31100 1.181
31200 1.13
31300 1.135
31400 1.206
31500 1.165
31600 1.168
31700 1.141
31800 1.169
31900 1.179
32000 1.17
32100 1.136
32200 1.168
32300 1.136
32400 1.154
32500 1.158
32600 1.142
32700 1.149
32800 1.175
32900 1.191
33000 1.168
33100 1.175
33200 1.17
33300 1.178
33400 1.23
33500 1.243
33600 1.252
33700 1.19
33800 1.225
33900 1.234
34000 1.232
34100 1.228
34200 1.222
34300 1.216
34400 1.231
34500 1.241
34600 1.258
34700 1.252
34800 1.256
34900 1.264
35000 1.251
35100 1.267
35200 1.293
35300 1.254
35400 1.262
35500 1.243
35600 1.255
35700 1.267
35800 1.289
35900 1.304
36000 1.257
36100 1.287
36200 1.264
36300 1.295
36400 1.295
36500 1.301
36600 1.299
36700 1.299
36800 1.3
36900 1.292
37000 1.327
37100 1.3
37200 1.327
37300 1.34
37400 1.335
37500 1.345
37600 1.324
37700 1.402
37800 1.338
37900 1.348
38000 1.357
38100 1.368
38200 1.375
38300 1.369
38400 1.358
38500 1.371
38600 1.392
38700 1.372
38800 1.373
38900 1.402
39000 1.414
39100 1.373
39200 1.378
39300 1.381
39400 1.392
39500 1.415
39600 1.415
39700 1.434
39800 1.43
39900 1.431
40000 1.425
40100 1.44
40200 1.447
40300 1.455
40400 1.477
40500 1.545
40600 1.532
40700 1.503
40800 1.446
40900 1.43
41000 1.444
41100 1.457
41200 1.467
41300 1.458
41400 1.459
41500 1.477
41600 1.509
41700 1.48
41800 1.494
41900 1.505
42000 1.524
42100 1.491
42200 1.547
42300 1.559
42400 1.522
42500 1.544
42600 1.537
42700 1.553
42800 1.55
42900 1.57
43000 1.592
43100 1.612
43200 1.598
43300 1.591
43400 1.646
43500 1.604
43600 1.648
43700 1.626
43800 1.633
43900 1.666
44000 1.662
44100 1.644
44200 1.664
44300 1.692
44400 1.678
44500 1.729
44600 1.731
44700 1.687
44800 1.699
44900 1.746
45000 1.805
45100 1.837
45200 1.814
45300 1.755
45400 1.778
45500 1.774
45600 1.798
45700 1.786
45800 1.793
45900 1.765
46000 1.815
46100 1.818
46200 1.82
46300 1.838
46400 1.84
46500 1.808
46600 1.874
46700 1.876
46800 1.88
46900 1.889
47000 1.821
47100 1.845
47200 1.833
47300 1.863
47400 1.897
47500 1.884
47600 1.872
47700 1.909
47800 1.899
47900 1.937
48000 1.963
48100 1.955
48200 1.913
48300 1.954
48400 1.951
48500 1.983
48600 1.932
48700 1.953
48800 1.994
48900 1.975
49000 2.006
49100 1.996
49200 2.001
49300 1.988
49400 2.034
49500 2.071
49600 1.998
49700 2.054
49800 2.044
49900 2.04
50000 2.056
50100 2.056
50200 2.067
50300 2.063
50400 2.027
50500 2.08
50600 2.083
50700 2.08
50800 2.114
50900 2.054
51000 2.06
51100 2.085
51200 2.103
51300 2.117
51400 2.088
51500 2.103
51600 2.099
51700 2.114
51800 2.106
51900 2.142
52000 2.116
52100 2.124
52200 2.116
52300 2.128
52400 2.151
52500 2.154
52600 2.123
52700 2.132
52800 2.142
52900 2.15
53000 2.128
53100 2.131
53200 2.108
53300 2.158
53400 2.133
53500 2.205
53600 2.188
53700 2.232
53800 2.23
53900 2.227
54000 2.195
54100 2.222
54200 2.202
54300 2.168
54400 2.193
54500 2.176
54600 2.182
54700 2.206
54800 2.221
54900 2.192
55000 2.228
55100 2.234
55200 2.233
55300 2.205
55400 2.198
55500 2.206
55600 2.227
55700 2.205
55800 2.214
55900 2.225
56000 2.244
56100 2.24
56200 2.235
56300 2.231
56400 2.259
56500 2.227
56600 2.218
56700 2.273
56800 2.261
56900 2.26
57000 2.295
57100 2.268
57200 2.27
57300 2.269
57400 2.249
57500 2.234
57600 2.276
57700 2.357
57800 2.395
57900 2.387
58000 2.317
58100 2.355
58200 2.287
58300 2.299
58400 2.331
58500 2.33
58600 2.347
58700 2.303
58800 2.334
58900 2.298
59000 2.33
59100 2.329
59200 2.346
59300 2.332
59400 2.345
59500 2.338
59600 2.352
59700 2.348
59800 2.359
59900 2.378
60000 2.308
60100 2.364
60200 2.373
60300 2.363
60400 2.376
60500 2.385
60600 2.381
60700 2.41
60800 2.415
60900 2.392
61000 2.386
61100 2.427
61200 2.439
61300 2.412
61400 2.419
61500 2.369
61600 2.418
61700 2.405
61800 2.404
61900 2.393
62000 2.436
62100 2.434
62200 2.422
62300 2.416
62400 2.398
62500 2.431
62600 2.482
62700 2.446
62800 2.465
62900 2.419
63000 2.448
63100 2.424
63200 2.467
63300 2.449
63400 2.457
63500 2.426
63600 2.446
63700 2.415
63800 2.451
63900 2.448
64000 2.449
64100 2.453
64200 2.453
64300 2.438
64400 2.462
64500 2.457
64600 2.424
64700 2.466
64800 2.437
64900 2.491
65000 2.485
65100 2.49
65200 2.49
65300 2.447
65400 2.438
65500 2.459
65600 2.467
65700 2.458
65800 2.529
65900 2.53
66000 2.599
66100 2.553
66200 2.502
66300 2.553
66400 2.52
66500 2.559
66600 2.564
66700 2.58
66800 2.595
66900 2.576
67000 2.555
67100 2.586
67200 2.578
67300 2.591
67400 2.589
67500 2.613
67600 2.573
67700 2.602
67800 2.633
67900 2.575
68000 2.615
68100 2.587
68200 2.621
68300 2.63
68400 2.62
68500 2.64
68600 2.613
68700 2.663
68800 2.594
68900 2.63
69000 2.627
69100 2.637
69200 2.671
69300 2.645
69400 2.669
69500 2.67
69600 2.676
69700 2.662
69800 2.662
69900 2.671
70000 2.676
70100 2.693
70200 2.722
70300 2.718
70400 2.71
70500 2.693
70600 2.725
70700 2.729
70800 2.75
70900 2.732
71000 2.725
71100 2.748
71200 2.714
71300 2.7
71400 2.722
71500 2.704
71600 2.751
71700 2.735
71800 2.716
71900 2.728
72000 2.722
72100 2.723
72200 2.72
72300 2.758
72400 2.73
72500 2.757
72600 2.719
72700 2.759
72800 2.747
72900 2.781
73000 2.78
73100 2.757
73200 2.776
73300 2.766
73400 2.768
73500 2.764
73600 2.777
73700 2.771
73800 2.799
73900 2.802
74000 2.808
74100 2.8
74200 2.809
74300 2.804
74400 2.808
74500 2.784
74600 2.856
74700 2.844
74800 2.838
74900 2.799
75000 2.845
75100 2.861
75200 2.843
75300 2.857
75400 2.862
75500 2.867
75600 2.877
75700 2.839
75800 2.864
75900 2.88
76000 2.889
76100 2.881
76200 2.907
76300 2.921
76400 2.887
76500 2.933
76600 2.946
76700 2.895
76800 2.92
76900 2.865
77000 2.92
77100 2.924
77200 2.921
77300 2.938
77400 2.95
77500 2.93
77600 2.943
77700 2.944
77800 2.902
77900 2.941
78000 2.884
78100 2.929
78200 2.985
78300 2.967
78400 2.923
78500 2.949
78600 2.978
78700 2.989
78800 3.014
78900 3.004
79000 2.994
79100 2.994
79200 2.985
79300 2.995
79400 3.009
79500 2.936
79600 3.042
79700 3.042
79800 2.983
79900 3.009
80000 3.014
80100 2.944
80200 3.024
80300 3.001
80400 3.054
80500 3.052
80600 3.05
80700 3.0
80800 3.005
80900 3.043
81000 3.061
81100 3.027
81200 2.99
81300 3.076
81400 3.045
81500 3.037
81600 3.055
81700 3.045
81800 3.027
81900 3.017
82000 3.09
82100 3.008
82200 3.109
82300 3.099
82400 3.145
82500 3.149
82600 3.155
82700 3.135
82800 3.166
82900 3.157
83000 3.161
83100 3.205
83200 3.164
83300 3.176
83400 3.189
83500 3.23
83600 3.239
83700 3.223
83800 3.233
83900 3.232
84000 3.228
84100 3.277
84200 3.233
84300 3.237
84400 3.297
84500 3.219
84600 3.278
84700 3.276
84800 3.331
84900 3.323
85000 3.317
85100 3.312
85200 3.317
85300 3.331
85400 3.36
85500 3.337
85600 3.379
85700 3.373
85800 3.363
85900 3.359
86000 3.402
86100 3.383
86200 3.387
86300 3.371
86400 3.395
86500 3.403
86600 3.39
86700 3.43
86800 3.456
86900 3.411
87000 3.446
87100 3.418
87200 3.489
87300 3.474
87400 3.492
87500 3.507
87600 3.445
87700 3.46
87800 3.501
87900 3.449
88000 3.537
88100 3.529
88200 3.534
88300 3.541
88400 3.534
88500 3.575
88600 3.541
88700 3.562
88800 3.527
88900 3.578
89000 3.592
89100 3.58
89200 3.56
89300 3.613
89400 3.6
89500 3.59
89600 3.645
89700 3.607
89800 3.638
89900 3.585
90000 3.656
90100 3.627
90200 3.641
90300 3.678
90400 3.664
90500 3.632
90600 3.683
90700 3.696
90800 3.704
90900 3.745
91000 3.728
91100 3.756
91200 3.786
91300 3.699
91400 3.775
91500 3.756
91600 3.768
91700 3.791
91800 3.817
91900 3.799
92000 3.816
92100 3.824
92200 3.767
92300 3.827
92400 3.792
92500 3.882
92600 3.786
92700 3.853
92800 3.858
92900 3.854
93000 3.889
93100 3.9
93200 3.909
93300 3.872
93400 3.842
93500 3.906
93600 3.928
93700 3.951
93800 3.941
93900 3.956
94000 3.936
94100 3.959
94200 3.94
94300 3.911
94400 3.957
94500 3.983
94600 3.92
94700 4.015
94800 4.03
94900 4.012
95000 4.038
95100 4.08
95200 4.1
95300 4.046
95400 4.056
95500 4.036
95600 4.046
95700 4.043
95800 4.048
95900 4.139
96000 4.123
96100 4.028
96200 4.081
96300 4.099
96400 4.076
96500 4.028
96600 4.132
96700 4.149
96800 4.149
96900 4.068
97000 4.045
97100 4.094
97200 4.153
97300 4.226
97400 4.205
97500 4.107
97600 4.155
97700 4.177
97800 4.192
97900 4.151
98000 4.181
98100 4.197
98200 4.211
98300 4.141
98400 4.151
98500 4.231
98600 4.213
98700 4.197
98800 4.254
98900 4.274
99000 4.251
99100 4.263
99200 4.369
99300 4.318
99400 4.335
99500 4.288
99600 4.373
99700 4.38
99800 4.232
99900 4.373
100000 4.305
