600 0.024
700 0.029
800 0.032
900 0.036
1000 0.039
1100 0.044
1200 0.049
1300 0.053
1400 0.057
1500 0.069
1600 0.068
1700 0.068
1800 0.072
1900 0.077
2000 0.083
2100 0.087
2200 0.096
2300 0.096
2400 0.1
2500 0.103
2600 0.122
2700 0.112
2800 0.115
2900 0.123
3000 0.126
3100 0.158
3200 0.132
3300 0.136
3400 0.151
3500 0.147
3600 0.151
3700 0.167
3800 0.17
3900 0.155
4000 0.155
4100 0.18
4200 0.177
4300 0.184
4400 0.196
4500 0.188
4600 0.209
4700 0.201
4800 0.201
4900 0.211
5000 0.216
5100 0.218
5200 0.205
5300 0.213
5400 0.232
5500 0.233
5600 0.261
5700 0.253
5800 0.254
5900 0.261
6000 0.266
6100 0.282
6200 0.262
6300 0.268
6400 0.266
6500 0.284
6600 0.284
6700 0.288
6800 0.298
6900 0.298
7000 0.312
7100 0.318
7200 0.34
7300 0.336
7400 0.305
7500 0.329
7600 0.36
7700 0.339
7800 0.349
7900 0.361
8000 0.353
8100 0.344
8200 0.364
8300 0.377
8400 0.387
8500 0.391
8600 0.362
8700 0.389
8800 0.403
8900 0.407
9000 0.404
9100 0.372
9200 0.408
9300 0.434
9400 0.422
9500 0.453
9600 0.437
9700 0.417
9800 0.518
9900 0.405
10000 0.426
10100 0.431
10200 0.438
10300 0.458
10400 0.477
10500 0.446
10600 0.462
10700 0.488
10800 0.497
10900 0.5
11000 0.513
11100 0.51
11200 0.498
11300 0.529
11400 0.545
11500 0.504
11600 0.494
11700 0.517
11800 0.521
11900 0.53
12000 0.535
12100 0.532
12200 0.524
12300 0.553
12400 0.571
12500 0.566
12600 0.547
12700 0.56
12800 0.596
12900 0.612
13000 0.603
13100 0.602
13200 0.609
13300 0.619
13400 0.608
13500 0.598
13600 0.612
13700 0.638
13800 0.637
13900 0.624
14000 0.645
14100 0.656
14200 0.682
14300 0.698
14400 0.699
14500 0.647
14600 0.663
14700 0.687
14800 0.681
14900 0.662
15000 0.684
15100 0.674
15200 0.675
15300 0.682
15400 0.702
15500 0.703
15600 0.707
15700 0.689
15800 0.711
15900 0.703
16000 0.769
16100 0.715
16200 0.731
16300 0.732
16400 0.74
16500 0.745
16600 0.721
16700 0.783
16800 0.824
16900 0.799
17000 0.78
17100 0.782
17200 0.802
17300 0.776
17400 0.779
17500 0.808
17600 0.797
17700 0.814
17800 0.843
17900 0.819
18000 0.826
18100 0.832
18200 0.836
18300 0.817
18400 0.83
18500 0.87
18600 0.836
18700 0.849
18800 0.834
18900 0.848
19000 0.867
19100 0.921
19200 0.934
19300 0.865
19400 0.944
19500 0.96
19600 0.997
19700 0.868
19800 0.935
19900 0.932
20000 0.916
20100 0.914
20200 0.961
20300 0.965
20400 0.974
20500 0.979
20600 0.9
20700 0.926
20800 0.958
20900 0.937
21000 0.987
21100 0.984
21200 1.006
21300 1.008
21400 1.035
21500 1.005
21600 0.965
21700 1.0
21800 1.008
21900 1.02
22000 1.012
22100 1.053
22200 1.056
22300 1.072
22400 1.045
22500 1.053
22600 1.098
22700 1.108
22800 1.11
22900 1.136
23000 1.071
23100 1.034
23200 1.052
23300 1.066
23400 1.074
23500 1.076
23600 1.119
23700 1.064
23800 1.089
23900 1.138
24000 1.135
24100 1.131
24200 1.15
24300 1.14
24400 1.133
24500 1.14
24600 1.13
24700 1.156
24800 1.137
24900 1.17
25000 1.18
25100 1.189
25200 1.212
25300 1.197
25400 1.201
25500 1.177
25600 1.197
25700 1.222
25800 1.229
25900 1.197
26000 1.244
26100 1.195
26200 1.169
26300 1.27
26400 1.223
26500 1.254
26600 1.231
26700 1.301
26800 1.32
26900 1.345
27000 1.301
27100 1.256
27200 1.261
27300 1.255
27400 1.267
27500 1.285
27600 1.254
27700 1.248
27800 1.293
27900 1.231
28000 1.332
28100 1.25
28200 1.332
28300 1.371
28400 1.398
28500 1.41
28600 1.365
28700 1.276
28800 1.322
28900 1.297
29000 1.411
29100 1.351
29200 1.443
29300 1.334
29400 1.342
29500 1.394
29600 1.299
29700 1.378
29800 1.395
29900 1.381
30000 1.423
30100 1.425
30200 1.363
30300 1.406
30400 1.407
30500 1.377
30600 1.385
30700 1.425
30800 1.447
30900 1.442
31000 1.405
31100 1.429
31200 1.403
31300 1.462
31400 1.446
31500 1.46
31600 1.45
31700 1.453
31800 1.436
31900 1.47
32000 1.468
32100 1.504
32200 1.469
32300 1.489
32400 1.451
32500 1.487
32600 1.425
32700 1.434
32800 1.465
32900 1.486
33000 1.514
33100 1.5
33200 1.561
33300 1.498
33400 1.545
33500 1.538
33600 1.566
33700 1.544
33800 1.572
33900 1.578
34000 1.61
34100 1.629
34200 1.59
34300 1.618
34400 1.551
34500 1.592
34600 1.552
34700 1.609
34800 1.594
34900 1.622
35000 1.6
35100 1.634
35200 1.644
35300 1.652
35400 1.659
35500 1.685
35600 1.678
35700 1.714
35800 1.729
35900 1.745
36000 1.739
36100 1.746
36200 1.695
36300 1.687
36400 1.631
36500 1.638
36600 1.639
36700 1.651
36800 1.709
36900 1.791
37000 1.779
37100 1.804
37200 1.82
37300 1.77
37400 1.753
37500 1.765
37600 1.814
37700 1.782
37800 1.815
37900 1.793
38000 1.728
38100 1.737
38200 1.776
38300 1.82
38400 1.824
38500 1.814
38600 1.888
38700 1.828
38800 1.748
38900 1.819
39000 1.868
39100 1.877
39200 1.887
39300 1.878
39400 1.857
39500 1.891
39600 1.914
39700 1.923
39800 1.902
39900 1.935
40000 1.901
40100 1.902
40200 1.898
40300 1.867
40400 1.899
40500 1.817
40600 1.884
40700 1.964
40800 1.893
40900 1.924
41000 1.945
41100 1.973
41200 1.922
41300 1.96
41400 1.965
41500 1.984
41600 2.015
41700 2.01
41800 2.013
41900 2.006
42000 2.026
42100 2.03
42200 1.979
42300 1.985
42400 1.887
42500 2.011
42600 2.018
42700 1.988
42800 1.991
42900 2.065
43000 2.0
43100 2.009
43200 2.053
43300 2.078
43400 2.079
43500 2.096
43600 2.052
43700 2.093
43800 2.111
43900 2.049
44000 1.986
44100 2.069
44200 2.113
44300 2.19
44400 2.291
44500 2.071
44600 2.056
44700 2.156
44800 2.137
44900 2.174
45000 2.267
45100 2.148
45200 2.153
45300 2.195
45400 2.14
45500 2.153
45600 2.137
45700 2.155
45800 2.184
45900 2.23
46000 2.23
46100 2.169
46200 2.158
46300 2.218
46400 2.279
46500 2.306
46600 2.222
46700 2.192
46800 2.209
46900 2.245
47000 2.305
47100 2.19
47200 2.247
47300 2.156
47400 2.184
47500 2.19
47600 2.163
47700 2.27
47800 2.244
47900 2.182
48000 2.185
48100 2.284
48200 2.305
48300 2.31
48400 2.196
48500 2.329
48600 2.374
48700 2.273
48800 2.216
48900 2.254
49000 2.29
49100 2.294
49200 2.328
49300 2.262
49400 2.246
49500 2.282
49600 2.359
49700 2.293
49800 2.32
49900 2.351
50000 2.451
50100 2.464
50200 2.272
50300 2.323
50400 2.424
50500 2.431
50600 2.475
50700 2.45
50800 2.374
50900 2.347
51000 2.356
51100 2.361
51200 2.43
51300 2.452
51400 2.389
51500 2.409
51600 2.404
51700 2.461
51800 2.473
51900 2.498
52000 2.488
52100 2.468
52200 2.509
52300 2.554
52400 2.573
52500 2.395
52600 2.525
52700 2.454
52800 2.433
52900 2.561
53000 2.603
53100 2.497
53200 2.585
53300 2.594
53400 2.595
53500 2.626
53600 2.54
53700 2.598
53800 2.499
53900 2.509
54000 2.632
54100 2.59
54200 2.581
54300 2.61
54400 2.647
54500 2.641
54600 2.68
54700 2.511
54800 2.555
54900 2.574
55000 2.623
55100 2.704
55200 2.564
55300 2.653
55400 2.623
55500 2.653
55600 2.546
55700 2.651
55800 2.535
55900 2.659
56000 2.746
56100 2.661
56200 2.642
56300 2.658
56400 2.703
56500 2.718
56600 2.789
56700 2.721
56800 2.655
56900 2.704
57000 2.741
57100 2.716
57200 2.705
57300 2.701
57400 2.728
57500 2.67
57600 2.767
57700 2.758
57800 2.725
57900 2.708
58000 2.763
58100 2.78
58200 2.81
58300 2.715
58400 2.734
58500 2.75
58600 2.768
58700 2.85
58800 2.829
58900 2.783
59000 2.811
59100 2.828
59200 2.833
59300 2.842
59400 2.82
59500 2.844
59600 2.881
59700 2.792
59800 2.834
59900 2.886
60000 2.914
60100 2.899
60200 2.919
60300 2.875
60400 2.857
60500 2.89
60600 2.9
60700 2.871
60800 2.923
60900 2.941
61000 2.793
61100 2.89
61200 2.87
61300 2.876
61400 2.859
61500 2.907
61600 2.848
61700 2.924
61800 2.988
61900 3.006
62000 2.89
62100 2.95
62200 2.941
62300 2.921
62400 2.948
62500 2.964
62600 2.962
62700 2.992
62800 3.022
62900 3.041
63000 3.078
63100 2.918
63200 2.883
63300 2.926
63400 2.939
63500 2.925
63600 2.954
63700 2.996
63800 3.012
63900 3.052
64000 3.092
64100 2.949
64200 2.944
64300 3.079
64400 3.108
64500 2.9
64600 3.054
64700 3.088
64800 2.835
64900 2.992
65000 3.042
65100 3.058
65200 3.021
65300 3.058
65400 3.06
65500 3.06
65600 2.937
65700 3.067
65800 2.979
65900 3.106
66000 2.966
66100 3.095
66200 3.147
66300 2.97
66400 3.139
66500 3.196
66600 2.949
66700 3.028
66800 3.22
66900 3.162
67000 3.179
67100 3.185
67200 3.177
67300 3.205
67400 3.068
67500 3.154
67600 3.212
67700 3.253
67800 3.249
67900 3.233
68000 3.199
68100 3.199
68200 3.083
68300 3.177
68400 3.114
68500 3.125
68600 3.231
68700 3.307
68800 3.337
68900 3.314
69000 3.346
69100 3.342
69200 3.318
69300 3.315
69400 3.331
69500 3.321
69600 3.339
69700 3.325
69800 3.379
69900 3.158
70000 3.313
70100 3.342
70200 3.391
70300 3.4
70400 3.321
70500 3.375
70600 3.391
70700 3.263
70800 3.411
70900 3.378
71000 3.207
71100 3.275
71200 3.421
71300 3.436
71400 3.456
71500 3.312
71600 3.415
71700 3.484
71800 3.288
71900 3.344
72000 3.442
72100 3.475
72200 3.462
72300 3.51
72400 3.503
72500 3.387
72600 3.35
72700 3.448
72800 3.402
72900 3.516
73000 3.388
73100 3.415
73200 3.506
73300 3.544
73400 3.539
73500 3.628
73600 3.622
73700 3.65
73800 3.59
73900 3.615
74000 3.648
74100 3.446
74200 3.425
74300 3.568
74400 3.66
74500 3.579
74600 3.624
74700 3.615
74800 3.614
74900 3.512
75000 3.476
75100 3.545
75200 3.604
75300 3.497
75400 3.57
75500 3.495
75600 3.537
75700 3.582
75800 3.653
75900 3.635
76000 3.684
76100 3.655
76200 3.69
76300 3.702
76400 3.655
76500 3.73
76600 3.655
76700 3.678
76800 3.67
76900 3.664
77000 3.69
77100 3.73
77200 3.698
77300 3.634
77400 3.711
77500 3.733
77600 3.654
77700 3.618
77800 3.712
77900 3.75
78000 3.647
78100 3.654
78200 3.647
78300 3.737
78400 3.611
78500 3.86
78600 3.746
78700 3.791
78800 3.802
78900 3.8
79000 3.658
79100 3.814
79200 3.641
79300 3.742
79400 3.882
79500 3.731
79600 3.754
79700 3.81
79800 3.89
79900 3.812
80000 3.781
80100 3.74
80200 3.927
80300 3.88
80400 3.894
80500 3.69
80600 3.811
80700 3.879
80800 3.917
80900 3.967
81000 3.821
81100 3.86
81200 3.783
81300 3.833
81400 3.764
81500 3.909
81600 3.771
81700 3.984
81800 4.044
81900 4.051
82000 4.022
82100 4.003
82200 3.965
82300 4.144
82400 3.964
82500 4.006
82600 4.009
82700 3.989
82800 3.979
82900 3.93
83000 3.991
83100 3.959
83200 3.987
83300 3.965
83400 3.94
83500 3.979
83600 3.954
83700 3.894
83800 3.883
83900 4.015
84000 3.984
84100 4.022
84200 4.009
84300 4.023
84400 3.928
84500 4.15
84600 4.048
84700 3.918
84800 3.955
84900 3.985
85000 4.04
85100 3.971
85200 3.984
85300 4.08
85400 3.961
85500 4.096
85600 4.124
85700 4.161
85800 4.145
85900 4.098
86000 4.099
86100 4.191
86200 4.209
86300 4.226
86400 4.233
86500 4.086
86600 4.153
86700 4.158
86800 4.212
86900 4.243
87000 4.023
87100 4.001
87200 4.013
87300 4.026
87400 4.178
87500 3.987
87600 4.044
87700 4.025
87800 4.215
87900 4.323
88000 4.297
88100 4.084
88200 4.066
88300 4.273
88400 4.342
88500 4.32
88600 4.252
88700 4.342
88800 4.338
88900 4.317
89000 4.297
89100 4.361
89200 4.379
89300 4.335
89400 4.352
89500 4.384
89600 4.401
89700 4.415
89800 4.399
89900 4.223
90000 4.374
90100 4.361
90200 4.361
90300 4.169
90400 4.215
90500 4.219
90600 4.216
90700 4.261
90800 4.248
90900 4.528
91000 4.214
91100 4.405
91200 4.409
91300 4.488
91400 4.252
91500 4.526
91600 4.431
91700 4.425
91800 4.545
91900 4.448
92000 4.43
92100 4.44
92200 4.493
92300 4.302
92400 4.29
92500 4.524
92600 4.526
92700 4.291
92800 4.483
92900 4.532
93000 4.522
93100 4.466
93200 4.343
93300 4.395
93400 4.322
93500 4.585
93600 4.37
93700 4.389
93800 4.511
93900 4.379
94000 4.619
94100 4.312
94200 4.507
94300 4.504
94400 4.604
94500 4.34
94600 4.395
94700 4.594
94800 4.512
94900 4.572
95000 4.645
95100 4.681
95200 4.652
95300 4.608
95400 4.63
95500 4.421
95600 4.569
95700 4.426
95800 4.602
95900 4.654
96000 4.597
96100 4.659
96200 4.763
96300 4.558
96400 4.477
96500 4.69
96600 4.496
96700 4.699
96800 4.622
96900 4.732
97000 4.677
97100 4.761
97200 4.743
97300 4.804
97400 4.798
97500 4.757
97600 4.729
97700 4.724
97800 4.796
97900 4.737
98000 4.772
98100 4.705
98200 4.765
98300 4.721
98400 4.719
98500 4.557
98600 4.602
98700 4.561
98800 4.723
98900 4.784
99000 4.697
99100 4.755
99200 4.615
99300 4.65
99400 4.717
99500 4.846
99600 4.881
99700 4.717
99800 4.888
99900 4.799
100000 4.905
