600 0.028
700 0.032
800 0.039
900 0.044
1000 0.048
1100 0.054
1200 0.061
1300 0.079
1400 0.076
1500 0.077
1600 0.083
1700 0.087
1800 0.092
1900 0.1
2000 0.1
2100 0.115
2200 0.113
2300 0.119
2400 0.134
2500 0.132
2600 0.146
2700 0.138
2800 0.141
2900 0.147
3000 0.162
3100 0.177
3200 0.163
3300 0.167
3400 0.177
3500 0.194
3600 0.19
3700 0.193
3800 0.213
3900 0.204
4000 0.203
4100 0.219
4200 0.224
4300 0.225
4400 0.25
4500 0.243
4600 0.25
4700 0.254
4800 0.256
4900 0.263
5000 0.266
5100 0.28
5200 0.275
5300 0.287
5400 0.307
5500 0.312
5600 0.328
5700 0.32
5800 0.332
5900 0.305
6000 0.325
6100 0.317
6200 0.336
6300 0.352
6400 0.354
6500 0.357
6600 0.359
6700 0.365
6800 0.383
6900 0.397
7000 0.387
7100 0.389
7200 0.386
7300 0.416
7400 0.427
7500 0.398
7600 0.408
7700 0.42
7800 0.434
7900 0.454
8000 0.436
8100 0.44
8200 0.441
8300 0.458
8400 0.471
8500 0.492
8600 0.511
8700 0.467
8800 0.478
8900 0.486
9000 0.489
9100 0.509
9200 0.502
9300 0.513
9400 0.529
9500 0.541
9600 0.56
9700 0.54
9800 0.546
9900 0.553
10000 0.56
10100 0.592
10200 0.585
10300 0.577
10400 0.555
10500 0.576
10600 0.595
10700 0.612
10800 0.619
10900 0.615
11000 0.62
11100 0.624
11200 0.641
11300 0.651
11400 0.671
11500 0.66
11600 0.633
11700 0.642
11800 0.652
11900 0.67
12000 0.685
12100 0.714
12200 0.701
12300 0.704
12400 0.747
12500 0.677
12600 0.711
12700 0.718
12800 0.72
12900 0.726
13000 0.746
13100 0.773
13200 0.757
13300 0.75
13400 0.785
13500 0.746
13600 0.768
13700 0.804
13800 0.813
13900 0.813
14000 0.769
14100 0.783
14200 0.793
14300 0.794
14400 0.822
14500 0.833
14600 0.83
14700 0.874
14800 0.871
14900 0.853
15000 0.865
15100 0.883
15200 0.876
15300 0.848
15400 0.874
15500 0.885
15600 0.903
15700 0.906
15800 0.896
15900 0.918
16000 0.896
16100 0.928
16200 0.928
16300 0.933
16400 0.935
16500 0.924
16600 0.909
16700 0.958
16800 0.998
16900 0.929
17000 0.955
17100 1.008
17200 1.037
17300 1.04
17400 1.031
17500 1.033
17600 0.972
17700 0.991
17800 1.035
17900 1.046
18000 1.039
18100 0.999
18200 1.03
18300 1.092
18400 1.053
18500 1.077
18600 1.057
18700 1.053
18800 1.067
18900 1.082
19000 1.124
19100 1.088
19200 1.099
19300 1.097
19400 1.109
19500 1.108
19600 1.113
19700 1.157
19800 1.19
19900 1.204
20000 1.155
20100 1.133
20200 1.146
20300 1.149
20400 1.168
20500 1.223
20600 1.249
20700 1.247
20800 1.248
20900 1.169
21000 1.191
21100 1.233
21200 1.262
21300 1.311
21400 1.275
21500 1.221
21600 1.248
21700 1.285
21800 1.31
21900 1.297
22000 1.374
22100 1.293
22200 1.301
22300 1.37
22400 1.388
22500 1.37
22600 1.367
22700 1.387
22800 1.31
22900 1.374
23000 1.43
23100 1.429
23200 1.417
23300 1.39
23400 1.424
23500 1.357
23600 1.362
23700 1.384
23800 1.368
23900 1.461
24000 1.449
24100 1.495
24200 1.477
24300 1.447
24400 1.401
24500 1.404
24600 1.407
24700 1.459
24800 1.503
24900 1.503
25000 1.535
25100 1.545
25200 1.522
25300 1.538
25400 1.471
25500 1.525
25600 1.588
25700 1.582
25800 1.53
25900 1.516
26000 1.511
26100 1.585
26200 1.586
26300 1.603
26400 1.572
26500 1.6
26600 1.61
26700 1.646
26800 1.621
26900 1.682
27000 1.621
27100 1.664
27200 1.677
27300 1.639
27400 1.672
27500 1.639
27600 1.643
27700 1.677
27800 1.708
27900 1.739
28000 1.725
28100 1.726
28200 1.738
28300 1.753
28400 1.692
28500 1.727
28600 1.66
28700 1.65
28800 1.688
28900 1.717
29000 1.758
29100 1.818
29200 1.804
29300 1.813
29400 1.775
29500 1.793
29600 1.71
29700 1.728
29800 1.758
29900 1.762
30000 1.761
30100 1.813
30200 1.831
30300 1.8
30400 1.781
30500 1.817
30600 1.877
30700 1.876
30800 1.875
30900 1.861
31000 1.921
31100 1.957
31200 1.995
31300 1.985
31400 1.943
31500 1.938
31600 1.892
31700 1.92
31800 1.924
31900 1.977
32000 2.044
32100 2.043
32200 2.051
32300 1.915
32400 1.948
32500 1.874
32600 1.896
32700 1.907
32800 1.937
32900 1.989
33000 2.017
33100 1.958
33200 1.986
33300 2.02
33400 2.055
33500 2.097
33600 2.091
33700 2.094
33800 2.1
33900 2.091
34000 2.113
34100 2.098
34200 2.137
34300 2.121
34400 2.141
34500 2.15
34600 2.144
34700 2.163
34800 2.154
34900 2.184
35000 2.161
35100 2.161
35200 2.091
35300 2.12
35400 2.166
35500 2.199
35600 2.226
35700 2.151
35800 2.167
35900 2.189
36000 2.244
36100 2.292
36200 2.135
36300 2.166
36400 2.164
36500 2.208
36600 2.192
36700 2.231
36800 2.209
36900 2.187
37000 2.225
37100 2.255
37200 2.291
37300 2.219
37400 2.226
37500 2.252
37600 2.248
37700 2.327
37800 2.242
37900 2.276
38000 2.294
38100 2.298
38200 2.31
38300 2.312
38400 2.311
38500 2.303
38600 2.306
38700 2.363
38800 2.447
38900 2.375
39000 2.347
39100 2.361
39200 2.46
39300 2.441
39400 2.388
39500 2.383
39600 2.378
39700 2.405
39800 2.461
39900 2.414
40000 2.44
40100 2.525
40200 2.521
40300 2.54
40400 2.407
40500 2.426
40600 2.492
40700 2.548
40800 2.55
40900 2.551
41000 2.462
41100 2.533
41200 2.447
41300 2.487
41400 2.485
41500 2.524
41600 2.482
41700 2.535
41800 2.505
41900 2.556
42000 2.62
42100 2.643
42200 2.668
42300 2.663
42400 2.66
42500 2.582
42600 2.635
42700 2.57
42800 2.648
42900 2.729
43000 2.719
43100 2.578
43200 2.612
43300 2.61
43400 2.676
43500 2.717
43600 2.674
43700 2.673
43800 2.651
43900 2.672
44000 2.766
44100 2.679
44200 2.748
44300 2.756
44400 2.846
44500 2.831
44600 2.694
44700 2.744
44800 2.765
44900 2.723
45000 2.732
45100 2.811
45200 2.818
45300 2.759
45400 2.823
45500 2.894
45600 2.879
45700 2.891
45800 2.767
45900 2.836
46000 2.907
46100 2.923
46200 2.973
46300 2.925
46400 3.008
46500 3.032
46600 3.042
46700 3.047
46800 3.058
46900 3.048
47000 3.055
47100 2.882
47200 2.839
47300 2.88
47400 2.947
47500 3.019
47600 3.018
47700 3.0
47800 3.054
47900 3.055
48000 3.059
48100 3.055
48200 3.069
48300 3.061
48400 3.081
48500 3.065
48600 3.156
48700 3.227
48800 3.203
48900 3.221
49000 3.196
49100 3.024
49200 3.033
49300 3.091
49400 3.124
49500 3.118
49600 3.118
49700 3.151
49800 3.056
49900 3.059
50000 3.041
50100 3.053
50200 3.053
50300 3.059
50400 3.081
50500 3.189
50600 3.163
50700 3.214
50800 3.24
50900 3.236
51000 3.241
51100 3.183
51200 3.219
51300 3.259
51400 3.181
51500 3.214
51600 3.117
51700 3.226
51800 3.306
51900 3.31
52000 3.309
52100 3.328
52200 3.341
52300 3.334
52400 3.34
52500 3.326
52600 3.327
52700 3.228
52800 3.31
52900 3.305
53000 3.313
53100 3.31
53200 3.311
53300 3.327
53400 3.424
53500 3.362
53600 3.313
53700 3.311
53800 3.45
53900 3.371
54000 3.385
54100 3.414
54200 3.317
54300 3.323
54400 3.351
54500 3.327
54600 3.319
54700 3.331
54800 3.423
54900 3.522
55000 3.556
55100 3.445
55200 3.469
55300 3.518
55400 3.55
55500 3.542
55600 3.454
55700 3.339
55800 3.38
55900 3.394
56000 3.386
56100 3.502
56200 3.513
56300 3.513
56400 3.546
56500 3.537
56600 3.596
56700 3.652
56800 3.481
56900 3.571
57000 3.587
57100 3.664
57200 3.45
57300 3.472
57400 3.45
57500 3.573
57600 3.563
57700 3.595
57800 3.6
57900 3.746
58000 3.755
58100 3.764
58200 3.787
58300 3.77
58400 3.748
58500 3.777
58600 3.768
58700 3.768
58800 3.783
58900 3.798
59000 3.587
59100 3.63
59200 3.633
59300 3.644
59400 3.653
59500 3.668
59600 3.67
59700 3.68
59800 3.671
59900 3.676
60000 3.804
60100 3.777
60200 3.799
60300 3.851
60400 3.891
60500 3.834
60600 3.863
60700 3.871
60800 3.88
60900 3.881
61000 3.896
61100 3.895
61200 3.818
61300 3.861
61400 3.873
61500 3.776
61600 3.785
61700 3.828
61800 3.809
61900 3.865
62000 3.873
62100 3.933
62200 3.822
62300 3.868
62400 3.828
62500 3.84
62600 3.896
62700 3.984
62800 3.85
62900 3.843
63000 3.849
63100 3.884
63200 3.869
63300 3.931
63400 3.976
63500 3.989
63600 4.02
63700 3.996
63800 4.044
63900 4.03
64000 4.037
64100 4.038
64200 4.04
64300 3.99
64400 4.045
64500 4.037
64600 4.032
64700 4.108
64800 4.121
64900 4.145
65000 4.128
65100 4.146
65200 4.014
65300 3.941
65400 3.975
65500 3.938
65600 3.979
65700 4.021
65800 4.05
65900 4.078
66000 4.111
66100 4.123
66200 4.129
66300 4.036
66400 4.086
66500 4.087
66600 4.168
66700 4.206
66800 4.097
66900 4.087
67000 4.162
67100 4.143
67200 4.239
67300 4.282
67400 4.111
67500 4.164
67600 4.26
67700 4.27
67800 4.304
67900 4.318
68000 4.332
68100 4.341
68200 4.358
68300 4.314
68400 4.3
68500 4.301
68600 4.305
68700 4.343
68800 4.393
68900 4.397
69000 4.416
69100 4.316
69200 4.271
69300 4.293
69400 4.341
69500 4.354
69600 4.372
69700 4.395
69800 4.364
69900 4.415
70000 4.426
70100 4.423
70200 4.421
70300 4.428
70400 4.391
70500 4.49
70600 4.43
70700 4.437
70800 4.435
70900 4.435
71000 4.438
71100 4.452
71200 4.52
71300 4.615
71400 4.527
71500 4.585
71600 4.575
71700 4.63
71800 4.599
71900 4.459
72000 4.456
72100 4.471
72200 4.55
72300 4.535
72400 4.632
72500 4.633
72600 4.621
72700 4.584
72800 4.655
72900 4.661
73000 4.709
73100 4.671
73200 4.649
73300 4.65
73400 4.645
73500 4.694
73600 4.55
73700 4.704
73800 4.601
73900 4.599
74000 4.633
74100 4.639
74200 4.722
74300 4.764
74400 4.811
74500 4.632
74600 4.805
74700 4.862
74800 4.881
74900 4.825
75000 4.874
75100 4.867
75200 4.851
75300 4.686
75400 4.762
75500 4.864
75600 4.889
75700 4.869
75800 4.919
75900 4.707
76000 4.743
76100 4.794
76200 4.769
76300 4.779
76400 4.766
76500 4.772
76600 4.765
76700 4.924
76800 4.983
76900 4.907
77000 4.957
77100 4.978
77200 4.984
77300 5.0
77400 5.083
77500 5.113
77600 5.103
77700 5.09
77800 5.087
77900 5.118
78000 5.119
78100 5.097
78200 5.11
78300 4.83
78400 4.851
78500 5.023
78600 5.1
78700 5.099
78800 4.957
78900 4.905
79000 4.914
79100 4.912
79200 5.06
79300 5.208
79400 5.135
79500 4.969
79600 4.962
79700 4.988
79800 4.972
79900 5.0
80000 5.173
80100 5.202
80200 5.183
80300 5.222
80400 5.236
80500 5.206
80600 5.262
80700 5.317
80800 5.209
80900 5.022
81000 5.044
81100 5.069
81200 5.066
81300 5.082
81400 5.084
81500 5.076
81600 5.079
81700 5.088
81800 5.097
81900 5.209
82000 5.297
82100 5.295
82200 5.316
82300 5.326
82400 5.115
82500 5.161
82600 5.18
82700 5.184
82800 5.19
82900 5.26
83000 5.278
83100 5.293
83200 5.314
83300 5.289
83400 5.352
83500 5.443
83600 5.444
83700 5.493
83800 5.498
83900 5.466
84000 5.494
84100 5.498
84200 5.452
84300 5.509
84400 5.337
84500 5.291
84600 5.427
84700 5.532
84800 5.535
84900 5.502
85000 5.521
85100 5.526
85200 5.566
85300 5.604
85400 5.551
85500 5.55
85600 5.551
85700 5.629
85800 5.434
85900 5.393
86000 5.428
86100 5.411
86200 5.401
86300 5.526
86400 5.67
86500 5.705
86600 5.701
86700 5.738
86800 5.715
86900 5.729
87000 5.743
87100 5.734
87200 5.738
87300 5.733
87400 5.749
87500 5.542
87600 5.517
87700 5.485
87800 5.609
87900 5.529
88000 5.541
88100 5.621
88200 5.745
88300 5.761
88400 5.838
88500 5.944
88600 5.882
88700 5.614
88800 5.554
88900 5.62
89000 5.823
89100 5.618
89200 5.789
89300 5.737
89400 5.786
89500 5.79
89600 5.81
89700 5.808
89800 5.643
89900 5.673
90000 5.757
90100 5.811
90200 5.852
90300 5.89
90400 5.953
90500 5.679
90600 5.694
90700 5.706
90800 5.842
90900 5.857
91000 5.738
91100 5.753
91200 5.997
91300 6.045
91400 6.098
91500 5.781
91600 5.765
91700 5.758
91800 5.777
91900 5.928
92000 6.011
92100 5.786
92200 5.795
92300 5.81
92400 5.828
92500 5.814
92600 6.048
92700 6.161
92800 5.966
92900 6.042
93000 5.867
93100 5.85
93200 5.85
93300 5.999
93400 6.064
93500 6.07
93600 6.067
93700 6.081
93800 6.22
93900 6.195
94000 6.261
94100 6.167
94200 6.0
94300 6.093
94400 6.062
94500 6.063
94600 6.189
94700 6.308
94800 6.376
94900 6.236
95000 6.276
95100 6.341
95200 6.357
95300 5.971
95400 5.998
95500 5.998
95600 6.323
95700 6.251
95800 6.35
95900 6.323
96000 6.249
96100 6.269
96200 6.335
96300 6.329
96400 6.047
96500 6.071
96600 6.07
96700 6.084
96800 6.07
96900 6.061
97000 6.086
97100 6.061
97200 6.063
97300 6.086
97400 6.11
97500 6.294
97600 6.362
97700 6.311
97800 6.31
97900 6.341
98000 6.131
98100 6.272
98200 6.368
98300 6.362
98400 6.159
98500 6.464
98600 6.189
98700 6.228
98800 6.216
98900 6.374
99000 6.414
99100 6.307
99200 6.261
99300 6.297
99400 6.38
99500 6.399
99600 6.574
99700 6.437
99800 6.516
99900 6.571
100000 6.554
