600 0.029
700 0.035
800 0.04
900 0.046
1000 0.049
1100 0.055
1200 0.061
1300 0.067
1400 0.072
1500 0.08
1600 0.09
1700 0.085
1800 0.095
1900 0.095
2000 0.098
2100 0.122
2200 0.113
2300 0.117
2400 0.125
2500 0.129
2600 0.146
2700 0.139
2800 0.14
2900 0.152
3000 0.156
3100 0.165
3200 0.167
3300 0.168
3400 0.188
3500 0.187
3600 0.187
3700 0.195
3800 0.2
3900 0.192
4000 0.196
4100 0.221
4200 0.225
4300 0.227
4400 0.236
4500 0.256
4600 0.256
4700 0.251
4800 0.265
4900 0.271
5000 0.261
5100 0.276
5200 0.275
5300 0.269
5400 0.281
5500 0.288
5600 0.316
5700 0.312
5800 0.323
5900 0.317
6000 0.337
6100 0.335
6200 0.325
6300 0.345
6400 0.324
6500 0.349
6600 0.358
6700 0.356
6800 0.373
6900 0.374
7000 0.381
7100 0.408
7200 0.403
7300 0.415
7400 0.392
7500 0.423
7600 0.447
7700 0.427
7800 0.435
7900 0.44
8000 0.442
8100 0.453
8200 0.448
8300 0.47
8400 0.479
8500 0.481
8600 0.467
8700 0.483
8800 0.496
8900 0.507
9000 0.532
9100 0.472
9200 0.52
9300 0.548
9400 0.539
9500 0.524
9600 0.542
9700 0.514
9800 0.701
9900 0.529
10000 0.54
10100 0.552
10200 0.553
10300 0.579
10400 0.584
10500 0.585
10600 0.573
10700 0.603
10800 0.629
10900 0.632
11000 0.653
11100 0.64
11200 0.627
11300 0.646
11400 0.673
11500 0.644
11600 0.638
11700 0.652
11800 0.649
11900 0.671
12000 0.662
12100 0.667
12200 0.687
12300 0.687
12400 0.716
12500 0.726
12600 0.694
12700 0.716
12800 0.757
12900 0.765
13000 0.751
13100 0.773
13200 0.784
13300 0.751
13400 0.77
13500 0.769
13600 0.766
13700 0.793
13800 0.809
13900 0.791
14000 0.798
14100 0.828
14200 0.872
14300 0.865
14400 0.869
14500 0.858
14600 0.871
14700 0.85
14800 0.873
14900 0.85
15000 0.841
15100 0.873
15200 0.846
15300 0.882
15400 0.878
15500 0.892
15600 0.881
15700 0.888
15800 0.895
15900 0.918
16000 0.93
16100 0.928
16200 0.93
16300 0.929
16400 0.948
16500 0.959
16600 0.939
16700 0.997
16800 1.048
16900 1.036
17000 0.992
17100 0.974
17200 1.012
17300 0.955
17400 0.99
17500 1.038
17600 1.028
17700 1.066
17800 1.066
17900 1.052
18000 1.035
18100 1.035
18200 1.042
18300 1.059
18400 1.059
18500 1.067
18600 1.064
18700 1.069
18800 1.09
18900 1.122
19000 1.1
19100 1.113
19200 1.154
19300 1.122
19400 1.169
19500 1.174
19600 1.214
19700 1.117
19800 1.166
19900 1.193
20000 1.152
20100 1.174
20200 1.195
20300 1.211
20400 1.237
20500 1.245
20600 1.19
20700 1.218
20800 1.219
20900 1.211
21000 1.24
21100 1.268
21200 1.274
21300 1.268
21400 1.314
21500 1.295
21600 1.246
21700 1.275
21800 1.261
21900 1.302
22000 1.324
22100 1.332
22200 1.341
22300 1.35
22400 1.371
22500 1.359
22600 1.34
22700 1.41
22800 1.427
22900 1.446
23000 1.408
23100 1.335
23200 1.343
23300 1.358
23400 1.368
23500 1.377
23600 1.424
23700 1.348
23800 1.41
23900 1.461
24000 1.476
24100 1.473
24200 1.464
24300 1.476
24400 1.473
24500 1.443
24600 1.416
24700 1.48
24800 1.46
24900 1.495
25000 1.519
25100 1.536
25200 1.544
25300 1.54
25400 1.53
25500 1.536
25600 1.551
25700 1.573
25800 1.581
25900 1.511
26000 1.582
26100 1.547
26200 1.556
26300 1.578
26400 1.605
26500 1.604
26600 1.537
26700 1.675
26800 1.696
26900 1.724
27000 1.637
27100 1.581
27200 1.59
27300 1.603
27400 1.609
27500 1.645
27600 1.627
27700 1.611
27800 1.635
27900 1.661
28000 1.693
28100 1.65
28200 1.715
28300 1.748
28400 1.77
28500 1.796
28600 1.772
28700 1.718
28800 1.729
28900 1.662
29000 1.762
29100 1.74
29200 1.801
29300 1.707
29400 1.729
29500 1.753
29600 1.744
29700 1.762
29800 1.769
29900 1.748
30000 1.822
30100 1.877
30200 1.784
30300 1.792
30400 1.86
30500 1.782
30600 1.789
30700 1.883
30800 1.855
30900 1.874
31000 1.802
31100 1.841
31200 1.815
31300 1.875
31400 1.867
31500 1.899
31600 1.898
31700 1.909
31800 1.854
31900 1.908
32000 1.902
32100 1.9
32200 1.877
32300 1.925
32400 1.909
32500 1.94
32600 1.905
32700 1.883
32800 1.893
32900 1.957
33000 1.964
33100 1.997
33200 2.019
33300 1.932
33400 1.979
33500 2.012
33600 2.063
33700 1.997
33800 2.057
33900 2.068
34000 2.088
34100 2.096
34200 2.063
34300 2.115
34400 2.08
34500 2.08
34600 2.056
34700 2.117
34800 2.051
34900 2.072
35000 2.107
35100 2.093
35200 2.173
35300 2.158
35400 2.161
35500 2.176
35600 2.194
35700 2.182
35800 2.274
35900 2.247
36000 2.241
36100 2.236
36200 2.186
36300 2.221
36400 2.131
36500 2.156
36600 2.156
36700 2.156
36800 2.203
36900 2.234
37000 2.286
37100 2.336
37200 2.355
37300 2.268
37400 2.286
37500 2.334
37600 2.314
37700 2.334
37800 2.327
37900 2.337
38000 2.262
38100 2.24
38200 2.308
38300 2.323
38400 2.354
38500 2.373
38600 2.403
38700 2.358
38800 2.278
38900 2.334
39000 2.407
39100 2.428
39200 2.413
39300 2.452
39400 2.404
39500 2.475
39600 2.491
39700 2.487
39800 2.507
39900 2.514
40000 2.471
40100 2.486
40200 2.462
40300 2.483
40400 2.509
40500 2.437
40600 2.444
40700 2.526
40800 2.508
40900 2.477
41000 2.506
41100 2.56
41200 2.49
41300 2.504
41400 2.556
41500 2.539
41600 2.597
41700 2.609
41800 2.604
41900 2.623
42000 2.665
42100 2.641
42200 2.571
42300 2.575
42400 2.527
42500 2.599
42600 2.68
42700 2.581
42800 2.609
42900 2.666
43000 2.632
43100 2.675
43200 2.665
43300 2.706
43400 2.73
43500 2.745
43600 2.601
43700 2.717
43800 2.747
43900 2.629
44000 2.634
44100 2.711
44200 2.742
44300 2.865
44400 2.909
44500 2.688
44600 2.652
44700 2.82
44800 2.819
44900 2.845
45000 2.914
45100 2.831
45200 2.765
45300 2.821
45400 2.836
45500 2.821
45600 2.815
45700 2.83
45800 2.901
45900 2.91
46000 2.928
46100 2.813
46200 2.854
46300 2.896
46400 2.982
46500 2.983
46600 2.931
46700 2.871
46800 2.842
46900 2.939
47000 2.982
47100 2.885
47200 2.954
47300 2.882
47400 2.868
47500 2.863
47600 2.887
47700 2.932
47800 2.93
47900 2.875
48000 2.893
48100 2.974
48200 3.049
48300 3.03
48400 2.927
48500 3.012
48600 3.086
48700 2.984
48800 2.914
48900 2.988
49000 3.02
49100 3.041
49200 3.055
49300 3.0
49400 2.981
49500 2.97
49600 3.081
49700 2.99
49800 3.058
49900 3.174
50000 3.233
50100 3.255
50200 3.019
50300 3.022
50400 3.133
50500 3.216
50600 3.218
50700 3.219
50800 3.057
50900 3.077
51000 3.084
51100 3.09
51200 3.204
51300 3.221
51400 3.115
51500 3.125
51600 3.135
51700 3.221
51800 3.278
51900 3.292
52000 3.306
52100 3.316
52200 3.318
52300 3.328
52400 3.35
52500 3.186
52600 3.32
52700 3.184
52800 3.209
52900 3.295
53000 3.39
53100 3.205
53200 3.34
53300 3.403
53400 3.458
53500 3.438
53600 3.435
53700 3.451
53800 3.345
53900 3.354
54000 3.411
54100 3.468
54200 3.37
54300 3.409
54400 3.436
54500 3.483
54600 3.48
54700 3.304
54800 3.323
54900 3.356
55000 3.417
55100 3.501
55200 3.339
55300 3.465
55400 3.525
55500 3.451
55600 3.434
55700 3.448
55800 3.402
55900 3.455
56000 3.578
56100 3.458
56200 3.462
56300 3.481
56400 3.537
56500 3.588
56600 3.636
56700 3.609
56800 3.456
56900 3.494
57000 3.527
57100 3.527
57200 3.554
57300 3.492
57400 3.56
57500 3.484
57600 3.611
57700 3.668
57800 3.603
57900 3.553
58000 3.637
58100 3.656
58200 3.659
58300 3.592
58400 3.594
58500 3.601
58600 3.656
58700 3.731
58800 3.713
58900 3.686
59000 3.689
59100 3.708
59200 3.733
59300 3.737
59400 3.734
59500 3.744
59600 3.763
59700 3.646
59800 3.728
59900 3.809
60000 3.805
60100 3.839
60200 3.852
60300 3.846
60400 3.757
60500 3.781
60600 3.835
60700 3.85
60800 3.817
60900 3.866
61000 3.742
61100 3.823
61200 3.843
61300 3.78
61400 3.766
61500 3.851
61600 3.744
61700 3.858
61800 3.949
61900 3.959
62000 3.789
62100 3.845
62200 3.911
62300 3.892
62400 3.8
62500 3.913
62600 3.92
62700 3.982
62800 3.96
62900 4.007
63000 3.999
63100 3.933
63200 3.895
63300 3.903
63400 3.881
63500 3.886
63600 3.906
63700 3.999
63800 4.028
63900 4.016
64000 4.04
64100 3.964
64200 3.899
64300 4.003
64400 4.057
64500 3.87
64600 3.98
64700 4.055
64800 3.886
64900 3.981
65000 4.062
65100 4.043
65200 4.065
65300 4.042
65400 4.064
65500 4.07
65600 3.912
65700 4.051
65800 3.958
65900 4.085
66000 3.991
66100 4.052
66200 4.146
66300 4.021
66400 4.091
66500 4.213
66600 4.041
66700 4.019
66800 4.199
66900 4.185
67000 4.253
67100 4.269
67200 4.25
67300 4.261
67400 4.082
67500 4.237
67600 4.264
67700 4.218
67800 4.284
67900 4.226
68000 4.28
68100 4.294
68200 4.169
68300 4.227
68400 4.156
68500 4.184
68600 4.252
68700 4.335
68800 4.316
68900 4.375
69000 4.396
69100 4.392
69200 4.382
69300 4.401
69400 4.415
69500 4.419
69600 4.423
69700 4.385
69800 4.438
69900 4.273
70000 4.38
70100 4.465
70200 4.47
70300 4.467
70400 4.455
70500 4.429
70600 4.462
70700 4.315
70800 4.486
70900 4.529
71000 4.371
71100 4.391
71200 4.548
71300 4.531
71400 4.608
71500 4.373
71600 4.482
71700 4.62
71800 4.38
71900 4.436
72000 4.564
72100 4.61
72200 4.62
72300 4.634
72400 4.673
72500 4.482
72600 4.467
72700 4.544
72800 4.465
72900 4.592
73000 4.504
73100 4.497
73200 4.609
73300 4.643
73400 4.685
73500 4.757
73600 4.843
73700 4.83
73800 4.746
73900 4.729
74000 4.809
74100 4.574
74200 4.63
74300 4.684
74400 4.804
74500 4.737
74600 4.782
74700 4.823
74800 4.812
74900 4.673
75000 4.673
75100 4.696
75200 4.78
75300 4.714
75400 4.734
75500 4.713
75600 4.673
75700 4.771
75800 4.806
75900 4.873
76000 4.889
76100 4.875
76200 4.895
76300 4.914
76400 4.843
76500 4.901
76600 4.912
76700 4.863
76800 4.91
76900 4.916
77000 4.916
77100 4.884
77200 4.884
77300 4.828
77400 4.896
77500 4.947
77600 4.824
77700 4.831
77800 4.92
77900 4.998
78000 4.867
78100 4.872
78200 4.871
78300 4.984
78400 4.85
78500 5.064
78600 5.03
78700 4.996
78800 5.05
78900 5.105
79000 4.909
79100 5.094
79200 4.943
79300 5.032
79400 5.136
79500 4.951
79600 5.028
79700 5.069
79800 5.125
79900 5.056
80000 5.019
80100 4.981
80200 5.168
80300 5.219
80400 5.211
80500 4.997
80600 5.101
80700 5.2
80800 5.24
80900 5.264
81000 5.146
81100 5.132
81200 5.006
81300 5.103
81400 5.06
81500 5.2
81600 5.048
81700 5.223
81800 5.343
81900 5.334
82000 5.347
82100 5.325
82200 5.348
82300 5.634
82400 5.335
82500 5.351
82600 5.378
82700 5.39
82800 5.385
82900 5.337
83000 5.34
83100 5.361
83200 5.347
83300 5.382
83400 5.286
83500 5.343
83600 5.361
83700 5.192
83800 5.21
83900 5.259
84000 5.395
84100 5.361
84200 5.407
84300 5.39
84400 5.217
84500 5.399
84600 5.384
84700 5.261
84800 5.282
84900 5.29
85000 5.412
85100 5.304
85200 5.328
85300 5.405
85400 5.333
85500 5.391
85600 5.52
85700 5.537
85800 5.549
85900 5.482
86000 5.493
86100 5.484
86200 5.599
86300 5.583
86400 5.604
86500 5.428
86600 5.514
86700 5.588
86800 5.594
86900 5.601
87000 5.376
87100 5.389
87200 5.393
87300 5.394
87400 5.54
87500 5.373
87600 5.427
87700 5.42
87800 5.614
87900 5.68
88000 5.647
88100 5.468
88200 5.455
88300 5.67
88400 5.754
88500 5.82
88600 5.657
88700 5.769
88800 5.766
88900 5.791
89000 5.814
89100 5.788
89200 5.87
89300 5.786
89400 5.807
89500 5.81
89600 5.86
89700 5.88
89800 5.902
89900 5.67
90000 5.766
90100 5.816
90200 5.897
90300 5.653
90400 5.666
90500 5.675
90600 5.661
90700 5.682
90800 5.68
90900 5.92
91000 5.779
91100 6.024
91200 5.971
91300 5.994
91400 5.776
91500 6.065
91600 6.034
91700 5.987
91800 6.026
91900 6.006
92000 5.93
92100 5.963
92200 6.046
92300 5.839
92400 5.8
92500 5.993
92600 6.098
92700 5.834
92800 6.047
92900 6.079
93000 6.123
93100 6.077
93200 5.848
93300 5.849
93400 5.859
93500 6.066
93600 5.858
93700 5.838
93800 6.079
93900 5.931
94000 6.221
94100 5.927
94200 6.05
94300 6.214
94400 6.157
94500 5.902
94600 5.907
94700 6.136
94800 6.172
94900 6.223
95000 6.231
95100 6.272
95200 6.227
95300 6.227
95400 6.282
95500 5.991
95600 6.218
95700 6.026
95800 6.168
95900 6.259
96000 6.246
96100 6.298
96200 6.38
96300 6.04
96400 6.018
96500 6.347
96600 6.068
96700 6.306
96800 6.37
96900 6.436
97000 6.397
97100 6.369
97200 6.361
97300 6.447
97400 6.434
97500 6.462
97600 6.45
97700 6.365
97800 6.355
97900 6.377
98000 6.398
98100 6.371
98200 6.338
98300 6.348
98400 6.363
98500 6.225
98600 6.163
98700 6.197
98800 6.225
98900 6.347
99000 6.275
99100 6.352
99200 6.251
99300 6.271
99400 6.31
99500 6.527
99600 6.53
99700 6.418
99800 6.581
99900 6.526
100000 6.611
