600 0.023
700 0.028
800 0.03
900 0.034
1000 0.038
1100 0.043
1200 0.048
1300 0.057
1400 0.061
1500 0.061
1600 0.066
1700 0.072
1800 0.074
1900 0.079
2000 0.085
2100 0.09
2200 0.093
2300 0.096
2400 0.103
2500 0.106
2600 0.123
2700 0.109
2800 0.116
2900 0.118
3000 0.126
3100 0.126
3200 0.13
3300 0.137
3400 0.149
3500 0.153
3600 0.154
3700 0.157
3800 0.174
3900 0.16
4000 0.161
4100 0.172
4200 0.176
4300 0.186
4400 0.21
4500 0.192
4600 0.212
4700 0.2
4800 0.205
4900 0.225
5000 0.223
5100 0.237
5200 0.238
5300 0.226
5400 0.25
5500 0.243
5600 0.268
5700 0.26
5800 0.261
5900 0.246
6000 0.262
6100 0.255
6200 0.275
6300 0.275
6400 0.292
6500 0.292
6600 0.293
6700 0.298
6800 0.315
6900 0.31
7000 0.308
7100 0.326
7200 0.317
7300 0.334
7400 0.339
7500 0.317
7600 0.333
7700 0.341
7800 0.362
7900 0.356
8000 0.353
8100 0.356
8200 0.353
8300 0.359
8400 0.37
8500 0.381
8600 0.381
8700 0.368
8800 0.371
8900 0.411
9000 0.406
9100 0.405
9200 0.404
9300 0.426
9400 0.422
9500 0.435
9600 0.432
9700 0.425
9800 0.434
9900 0.456
10000 0.455
10100 0.456
10200 0.445
10300 0.475
10400 0.454
10500 0.459
10600 0.479
10700 0.491
10800 0.487
10900 0.494
11000 0.485
11100 0.508
11200 0.522
11300 0.526
11400 0.539
11500 0.52
11600 0.52
11700 0.533
11800 0.533
11900 0.53
12000 0.551
12100 0.572
12200 0.549
12300 0.571
12400 0.562
12500 0.549
12600 0.572
12700 0.564
12800 0.567
12900 0.563
13000 0.595
13100 0.618
13200 0.592
13300 0.62
13400 0.644
13500 0.59
13600 0.626
13700 0.637
13800 0.659
13900 0.65
14000 0.611
14100 0.625
14200 0.621
14300 0.624
14400 0.657
14500 0.654
14600 0.655
14700 0.684
14800 0.681
14900 0.697
15000 0.709
15100 0.716
15200 0.709
15300 0.689
15400 0.71
15500 0.708
15600 0.739
15700 0.727
15800 0.711
15900 0.709
16000 0.727
16100 0.726
16200 0.735
16300 0.723
16400 0.732
16500 0.741
16600 0.732
16700 0.758
16800 0.786
16900 0.745
17000 0.762
17100 0.801
17200 0.819
17300 0.811
17400 0.823
17500 0.822
17600 0.749
17700 0.773
17800 0.827
17900 0.848
18000 0.793
18100 0.807
18200 0.817
18300 0.821
18400 0.838
18500 0.824
18600 0.829
18700 0.834
18800 0.83
18900 0.84
19000 0.853
19100 0.848
19200 0.852
19300 0.864
19400 0.859
19500 0.888
19600 0.886
19700 0.907
19800 0.946
19900 0.95
20000 0.918
20100 0.881
20200 0.885
20300 0.903
20400 0.92
20500 0.959
20600 0.975
20700 0.963
20800 0.973
20900 0.926
21000 0.922
21100 0.987
21200 1.004
21300 1.008
21400 1.005
21500 0.994
21600 0.991
21700 1.026
21800 1.049
21900 1.052
22000 1.061
22100 0.98
22200 1.028
22300 1.079
22400 1.082
22500 1.084
22600 1.094
22700 1.097
22800 1.032
22900 1.085
23000 1.114
23100 1.121
23200 1.122
23300 1.103
23400 1.122
23500 1.042
23600 1.038
23700 1.063
23800 1.087
23900 1.156
24000 1.156
24100 1.147
24200 1.164
24300 1.077
24400 1.073
24500 1.083
24600 1.083
24700 1.172
24800 1.162
24900 1.19
25000 1.201
25100 1.207
25200 1.181
25300 1.224
25400 1.184
25500 1.202
25600 1.251
25700 1.26
25800 1.237
25900 1.171
26000 1.197
26100 1.261
26200 1.251
26300 1.234
26400 1.26
26500 1.291
26600 1.264
26700 1.279
26800 1.263
26900 1.301
27000 1.267
27100 1.301
27200 1.315
27300 1.307
27400 1.322
27500 1.291
27600 1.314
27700 1.342
27800 1.359
27900 1.354
28000 1.345
28100 1.355
28200 1.373
28300 1.326
28400 1.34
28500 1.381
28600 1.306
28700 1.285
28800 1.303
28900 1.319
29000 1.382
29100 1.422
29200 1.429
29300 1.434
29400 1.413
29500 1.383
29600 1.356
29700 1.348
29800 1.343
29900 1.393
30000 1.368
30100 1.417
30200 1.396
30300 1.367
30400 1.397
30500 1.441
30600 1.428
30700 1.455
30800 1.457
30900 1.445
31000 1.529
31100 1.569
31200 1.594
31300 1.605
31400 1.477
31500 1.492
31600 1.444
31700 1.468
31800 1.479
31900 1.561
32000 1.609
32100 1.621
32200 1.629
32300 1.53
32400 1.52
32500 1.467
32600 1.486
32700 1.48
32800 1.527
32900 1.551
33000 1.593
33100 1.5
33200 1.523
33300 1.577
33400 1.601
33500 1.594
33600 1.625
33700 1.63
33800 1.633
33900 1.639
34000 1.636
34100 1.615
34200 1.654
34300 1.67
34400 1.659
34500 1.661
34600 1.667
34700 1.661
34800 1.681
34900 1.687
35000 1.66
35100 1.654
35200 1.614
35300 1.663
35400 1.668
35500 1.698
35600 1.703
35700 1.646
35800 1.684
35900 1.682
36000 1.742
36100 1.767
36200 1.674
36300 1.717
36400 1.684
36500 1.71
36600 1.713
36700 1.713
36800 1.725
36900 1.706
37000 1.732
37100 1.706
37200 1.741
37300 1.712
37400 1.7
37500 1.724
37600 1.769
37700 1.8
37800 1.732
37900 1.753
38000 1.787
38100 1.77
38200 1.764
38300 1.8
38400 1.787
38500 1.802
38600 1.811
38700 1.817
38800 1.876
38900 1.777
39000 1.797
39100 1.867
39200 1.947
39300 1.885
39400 1.812
39500 1.815
39600 1.816
39700 1.84
39800 1.89
39900 1.837
40000 1.914
40100 1.924
40200 1.936
40300 1.949
40400 1.858
40500 1.856
40600 1.924
40700 1.92
40800 1.952
40900 1.97
41000 1.873
41100 1.954
41200 1.891
41300 1.9
41400 1.917
41500 1.913
41600 1.913
41700 1.959
41800 1.922
41900 1.986
42000 2.047
42100 2.052
42200 2.045
42300 2.046
42400 2.041
42500 1.974
42600 1.997
42700 1.967
42800 2.026
42900 2.055
43000 2.062
43100 1.982
43200 1.996
43300 2.01
43400 2.035
43500 2.058
43600 2.021
43700 2.014
43800 2.037
43900 2.065
44000 2.125
44100 2.044
44200 2.05
44300 2.124
44400 2.152
44500 2.152
44600 2.1
44700 2.071
44800 2.08
44900 2.094
45000 2.081
45100 2.151
45200 2.157
45300 2.104
45400 2.197
45500 2.172
45600 2.213
45700 2.183
45800 2.109
45900 2.195
46000 2.21
46100 2.252
46200 2.27
46300 2.339
46400 2.342
46500 2.378
46600 2.379
46700 2.362
46800 2.359
46900 2.387
47000 2.408
47100 2.259
47200 2.185
47300 2.174
47400 2.245
47500 2.297
47600 2.294
47700 2.315
47800 2.301
47900 2.285
48000 2.316
48100 2.297
48200 2.333
48300 2.345
48400 2.33
48500 2.385
48600 2.493
48700 2.502
48800 2.5
48900 2.505
49000 2.503
49100 2.266
49200 2.341
49300 2.318
49400 2.388
49500 2.374
49600 2.359
49700 2.382
49800 2.315
49900 2.322
50000 2.329
50100 2.329
50200 2.316
50300 2.317
50400 2.337
50500 2.4
50600 2.416
50700 2.478
50800 2.501
50900 2.502
51000 2.489
51100 2.437
51200 2.481
51300 2.493
51400 2.42
51500 2.442
51600 2.36
51700 2.463
51800 2.503
51900 2.523
52000 2.527
52100 2.569
52200 2.549
52300 2.549
52400 2.544
52500 2.513
52600 2.549
52700 2.489
52800 2.493
52900 2.524
53000 2.526
53100 2.531
53200 2.555
53300 2.554
53400 2.567
53500 2.507
53600 2.512
53700 2.522
53800 2.622
53900 2.468
54000 2.555
54100 2.597
54200 2.493
54300 2.541
54400 2.525
54500 2.554
54600 2.533
54700 2.532
54800 2.624
54900 2.671
55000 2.702
55100 2.668
55200 2.649
55300 2.692
55400 2.747
55500 2.73
55600 2.641
55700 2.585
55800 2.569
55900 2.56
56000 2.58
56100 2.667
56200 2.666
56300 2.695
56400 2.685
56500 2.703
56600 2.753
56700 2.785
56800 2.654
56900 2.703
57000 2.739
57100 2.795
57200 2.66
57300 2.621
57400 2.621
57500 2.723
57600 2.697
57700 2.737
57800 2.726
57900 2.866
58000 2.877
58100 2.83
58200 2.84
58300 2.85
58400 2.839
58500 2.865
58600 2.827
58700 2.876
58800 2.864
58900 2.864
59000 2.732
59100 2.767
59200 2.761
59300 2.752
59400 2.753
59500 2.759
59600 2.796
59700 2.772
59800 2.785
59900 2.786
60000 2.893
60100 2.853
60200 2.861
60300 2.911
60400 2.942
60500 2.901
60600 2.917
60700 2.918
60800 2.912
60900 2.913
61000 2.93
61100 2.905
61200 2.821
61300 2.929
61400 2.949
61500 2.858
61600 2.855
61700 2.87
61800 2.872
61900 2.959
62000 2.936
62100 2.99
62200 2.869
62300 2.879
62400 2.866
62500 2.868
62600 2.939
62700 2.976
62800 2.879
62900 2.87
63000 2.89
63100 2.878
63200 2.88
63300 2.933
63400 3.009
63500 2.99
63600 3.052
63700 3.068
63800 3.078
63900 3.068
64000 3.061
64100 3.032
64200 3.063
64300 2.97
64400 3.043
64500 3.019
64600 3.079
64700 3.059
64800 3.067
64900 3.069
65000 3.076
65100 3.082
65200 3.014
65300 2.903
65400 2.948
65500 2.948
65600 2.98
65700 2.99
65800 3.053
65900 3.06
66000 3.071
66100 3.085
66200 3.068
66300 2.998
66400 3.063
66500 3.064
66600 3.136
66700 3.176
66800 3.005
66900 3.073
67000 3.083
67100 3.128
67200 3.172
67300 3.217
67400 3.099
67500 3.101
67600 3.19
67700 3.186
67800 3.272
67900 3.255
68000 3.25
68100 3.281
68200 3.263
68300 3.188
68400 3.264
68500 3.264
68600 3.232
68700 3.306
68800 3.31
68900 3.311
69000 3.3
69100 3.306
69200 3.227
69300 3.208
69400 3.252
69500 3.285
69600 3.281
69700 3.269
69800 3.266
69900 3.293
70000 3.288
70100 3.32
70200 3.33
70300 3.334
70400 3.31
70500 3.308
70600 3.298
70700 3.349
70800 3.333
70900 3.33
71000 3.341
71100 3.359
71200 3.391
71300 3.459
71400 3.409
71500 3.469
71600 3.438
71700 3.459
71800 3.453
71900 3.406
72000 3.358
72100 3.41
72200 3.44
72300 3.354
72400 3.483
72500 3.502
72600 3.502
72700 3.477
72800 3.527
72900 3.537
73000 3.563
73100 3.502
73200 3.559
73300 3.483
73400 3.473
73500 3.578
73600 3.383
73700 3.596
73800 3.469
73900 3.491
74000 3.436
74100 3.487
74200 3.551
74300 3.581
74400 3.576
74500 3.532
74600 3.604
74700 3.706
74800 3.682
74900 3.641
75000 3.688
75100 3.693
75200 3.652
75300 3.499
75400 3.631
75500 3.601
75600 3.7
75700 3.675
75800 3.703
75900 3.574
76000 3.585
76100 3.591
76200 3.601
76300 3.596
76400 3.58
76500 3.578
76600 3.588
76700 3.73
76800 3.774
76900 3.714
77000 3.783
77100 3.755
77200 3.77
77300 3.796
77400 3.818
77500 3.833
77600 3.83
77700 3.86
77800 3.857
77900 3.913
78000 3.882
78100 3.853
78200 3.842
78300 3.6
78400 3.633
78500 3.801
78600 3.844
78700 3.855
78800 3.744
78900 3.705
79000 3.672
79100 3.674
79200 3.788
79300 3.88
79400 3.864
79500 3.718
79600 3.738
79700 3.743
79800 3.764
79900 3.736
80000 3.878
80100 3.953
80200 3.935
80300 3.931
80400 3.926
80500 3.914
80600 4.003
80700 4.029
80800 3.889
80900 3.769
81000 3.792
81100 3.806
81200 3.78
81300 3.762
81400 3.78
81500 3.766
81600 3.796
81700 3.79
81800 3.778
81900 3.901
82000 3.969
82100 3.951
82200 3.948
82300 3.962
82400 3.845
82500 3.837
82600 3.895
82700 3.875
82800 3.909
82900 3.967
83000 3.955
83100 3.948
83200 3.922
83300 3.985
83400 4.068
83500 4.07
83600 4.131
83700 4.162
83800 4.152
83900 4.079
84000 4.127
84100 3.987
84200 4.141
84300 4.169
84400 3.912
84500 3.967
84600 4.117
84700 4.111
84800 4.157
84900 4.17
85000 4.187
85100 4.153
85200 4.174
85300 4.126
85400 4.172
85500 4.177
85600 4.211
85700 4.218
85800 4.07
85900 4.083
86000 4.05
86100 4.034
86200 4.06
86300 4.154
86400 4.259
86500 4.272
86600 4.326
86700 4.312
86800 4.316
86900 4.334
87000 4.354
87100 4.358
87200 4.335
87300 4.34
87400 4.332
87500 4.091
87600 4.156
87700 4.093
87800 4.2
87900 4.173
88000 4.134
88100 4.254
88200 4.272
88300 4.297
88400 4.479
88500 4.557
88600 4.304
88700 4.09
88800 4.141
88900 4.146
89000 4.347
89100 4.237
89200 4.331
89300 4.236
89400 4.294
89500 4.339
89600 4.394
89700 4.347
89800 4.245
89900 4.243
90000 4.3
90100 4.353
90200 4.418
90300 4.415
90400 4.442
90500 4.194
90600 4.248
90700 4.256
90800 4.354
90900 4.321
91000 4.298
91100 4.266
91200 4.48
91300 4.588
91400 4.593
91500 4.263
91600 4.301
91700 4.292
91800 4.299
91900 4.437
92000 4.473
92100 4.295
92200 4.314
92300 4.333
92400 4.352
92500 4.368
92600 4.521
92700 4.551
92800 4.505
92900 4.507
93000 4.402
93100 4.342
93200 4.337
93300 4.487
93400 4.505
93500 4.499
93600 4.431
93700 4.638
93800 4.72
93900 4.719
94000 4.629
94100 4.648
94200 4.447
94300 4.471
94400 4.52
94500 4.488
94600 4.669
94700 4.671
94800 4.66
94900 4.64
95000 4.64
95100 4.677
95200 4.701
95300 4.45
95400 4.449
95500 4.453
95600 4.655
95700 4.65
95800 4.738
95900 4.632
96000 4.625
96100 4.644
96200 4.664
96300 4.669
96400 4.404
96500 4.477
96600 4.494
96700 4.491
96800 4.53
96900 4.496
97000 4.464
97100 4.521
97200 4.478
97300 4.483
97400 4.522
97500 4.711
97600 4.713
97700 4.73
97800 4.732
97900 4.724
98000 4.574
98100 4.685
98200 4.72
98300 4.704
98400 4.507
98500 4.754
98600 4.55
98700 4.593
98800 4.602
98900 4.728
99000 4.741
99100 4.667
99200 4.652
99300 4.638
99400 4.717
99500 4.812
99600 4.849
99700 4.795
99800 4.804
99900 4.804
100000 4.814
