600 0.073
700 0.079
800 0.082
900 0.092
1000 0.095
1100 0.098
1200 0.109
1300 0.112
1400 0.116
1500 0.119
1600 0.122
1700 0.133
1800 0.127
1900 0.134
2000 0.131
2100 0.138
2200 0.14
2300 0.144
2400 0.145
2500 0.153
2600 0.152
2700 0.163
2800 0.162
2900 0.168
3000 0.169
3100 0.172
3200 0.178
3300 0.192
3400 0.179
3500 0.187
3600 0.199
3700 0.194
3800 0.198
3900 0.219
4000 0.214
4100 0.222
4200 0.247
4300 0.225
4400 0.253
4500 0.254
4600 0.265
4700 0.25
4800 0.252
4900 0.278
5000 0.285
5100 0.302
5200 0.289
5300 0.301
5400 0.304
5500 0.319
5600 0.322
5700 0.319
5800 0.32
5900 0.321
6000 0.324
6100 0.321
6200 0.36
6300 0.356
6400 0.345
6500 0.36
6600 0.362
6700 0.385
6800 0.377
6900 0.37
7000 0.382
7100 0.382
7200 0.388
7300 0.408
7400 0.411
7500 0.407
7600 0.419
7700 0.432
7800 0.443
7900 0.426
8000 0.439
8100 0.444
8200 0.445
8300 0.449
8400 0.46
8500 0.467
8600 0.477
8700 0.481
8800 0.488
8900 0.494
9000 0.499
9100 0.509
9200 0.502
9300 0.527
9400 0.512
9500 0.516
9600 0.532
9700 0.555
9800 0.545
9900 0.549
10000 0.593
10100 0.596
10200 0.599
10300 0.599
10400 0.618
10500 0.613
10600 0.633
10700 0.631
10800 0.601
10900 0.615
11000 0.623
11100 0.619
11200 0.636
11300 0.627
11400 0.62
11500 0.642
11600 0.645
11700 0.656
11800 0.71
11900 0.716
12000 0.693
12100 0.686
12200 0.723
12300 0.679
12400 0.695
12500 0.705
12600 0.734
12700 0.756
12800 0.755
12900 0.718
13000 0.729
13100 0.756
13200 0.768
13300 0.768
13400 0.785
13500 0.802
13600 0.775
13700 0.78
13800 0.785
13900 0.806
14000 0.811
14100 0.81
14200 0.815
14300 0.826
14400 0.823
14500 0.844
14600 0.878
14700 0.845
14800 0.868
14900 0.835
15000 0.863
15100 0.893
15200 0.864
15300 0.898
15400 0.861
15500 0.902
15600 0.872
15700 0.879
15800 0.895
15900 0.92
16000 0.925
16100 0.96
16200 0.97
16300 0.993
16400 0.988
16500 0.994
16600 0.961
16700 0.982
16800 0.948
16900 0.956
17000 0.971
17100 0.961
17200 0.991
17300 1.011
17400 1.016
17500 1.016
17600 1.01
17700 1.018
17800 1.012
17900 1.028
18000 1.025
18100 1.077
18200 1.105
18300 1.067
18400 1.052
18500 1.106
18600 1.088
18700 1.072
18800 1.076
18900 1.086
19000 1.107
19100 1.092
19200 1.12
19300 1.124
19400 1.103
19500 1.111
19600 1.118
19700 1.134
19800 1.143
19900 1.153
20000 1.179
20100 1.175
20200 1.155
20300 1.179
20400 1.175
20500 1.188
20600 1.205
20700 1.212
20800 1.227
20900 1.219
21000 1.215
21100 1.213
21200 1.229
21300 1.252
21400 1.243
21500 1.275
21600 1.279
21700 1.255
21800 1.267
21900 1.304
22000 1.3
22100 1.311
22200 1.291
22300 1.32
22400 1.305
22500 1.337
22600 1.324
22700 1.358
22800 1.354
22900 1.371
23000 1.368
23100 1.369
23200 1.34
23300 1.366
23400 1.373
23500 1.415
23600 1.403
23700 1.39
23800 1.428
23900 1.391
24000 1.392
24100 1.423
24200 1.442
24300 1.419
24400 1.427
24500 1.454
24600 1.449
24700 1.447
24800 1.439
24900 1.488
25000 1.464
25100 1.477
25200 1.499
25300 1.514
25400 1.483
25500 1.514
25600 1.56
25700 1.543
25800 1.538
25900 1.544
26000 1.538
26100 1.561
26200 1.552
26300 1.567
26400 1.531
26500 1.601
26600 1.562
26700 1.59
26800 1.601
26900 1.657
27000 1.616
27100 1.647
27200 1.674
27300 1.664
27400 1.639
27500 1.671
27600 1.662
27700 1.664
27800 1.63
27900 1.64
28000 1.706
28100 1.639
28200 1.658
28300 1.685
28400 1.662
28500 1.667
28600 1.683
28700 1.715
28800 1.725
28900 1.715
29000 1.731
29100 1.735
29200 1.704
29300 1.751
29400 1.765
29500 1.781
29600 1.786
29700 1.757
29800 1.788
29900 1.81
30000 1.781
30100 1.804
30200 1.854
30300 1.892
30400 1.83
30500 1.826
30600 1.809
30700 1.866
30800 1.809
30900 1.815
31000 1.842
31100 1.874
31200 1.826
31300 1.854
31400 1.889
31500 1.919
31600 1.932
31700 1.923
31800 1.893
31900 1.946
32000 1.952
32100 1.882
32200 1.901
32300 1.892
32400 1.924
32500 1.911
32600 1.912
32700 1.913
32800 1.98
32900 2.004
33000 1.993
33100 1.955
33200 2.016
33300 1.983
33400 2.013
33500 2.073
33600 2.089
33700 1.99
33800 2.024
33900 2.066
34000 2.136
34100 2.061
34200 2.083
34300 2.067
34400 2.072
34500 2.083
34600 2.088
34700 2.11
34800 2.13
34900 2.102
35000 2.105
35100 2.172
35200 2.152
35300 2.143
35400 2.215
35500 2.175
35600 2.172
35700 2.171
35800 2.225
35900 2.231
36000 2.222
36100 2.242
36200 2.176
36300 2.223
36400 2.239
36500 2.237
36600 2.238
36700 2.24
36800 2.239
36900 2.245
37000 2.31
37100 2.273
37200 2.232
37300 2.289
37400 2.322
37500 2.346
37600 2.258
37700 2.412
37800 2.323
37900 2.374
38000 2.369
38100 2.373
38200 2.383
38300 2.362
38400 2.33
38500 2.382
38600 2.425
38700 2.359
38800 2.375
38900 2.415
39000 2.456
39100 2.399
39200 2.398
39300 2.419
39400 2.372
39500 2.432
39600 2.454
39700 2.441
39800 2.451
39900 2.473
40000 2.409
40100 2.419
40200 2.471
40300 2.497
40400 2.533
40500 2.62
40600 2.61
40700 2.702
40800 2.526
40900 2.544
41000 2.522
41100 2.544
41200 2.529
41300 2.545
41400 2.549
41500 2.56
41600 2.578
41700 2.606
41800 2.556
41900 2.611
42000 2.622
42100 2.637
42200 2.643
42300 2.661
42400 2.637
42500 2.645
42600 2.662
42700 2.649
42800 2.681
42900 2.668
43000 2.715
43100 2.756
43200 2.663
43300 2.688
43400 2.713
43500 2.66
43600 2.715
43700 2.72
43800 2.733
43900 2.778
44000 2.769
44100 2.74
44200 2.77
44300 2.765
44400 2.816
44500 2.809
44600 2.835
44700 2.79
44800 2.782
44900 2.816
45000 2.903
45100 2.928
45200 2.897
45300 2.788
45400 2.856
45500 2.847
45600 2.869
45700 2.857
45800 2.859
45900 2.902
46000 2.9
46100 2.939
46200 2.879
46300 2.915
46400 2.901
46500 2.848
46600 2.902
46700 2.878
46800 2.903
46900 2.913
47000 2.917
47100 2.871
47200 2.932
47300 2.9
47400 2.896
47500 2.962
47600 2.914
47700 2.932
47800 2.931
47900 2.987
48000 3.001
48100 3.018
48200 2.957
48300 3.003
48400 3.0
48500 2.989
48600 2.982
48700 2.991
48800 3.051
48900 3.054
49000 3.009
49100 3.029
49200 2.988
49300 3.046
49400 3.145
49500 3.154
49600 3.126
49700 3.097
49800 3.114
49900 3.119
50000 3.148
50100 3.137
50200 3.174
50300 3.183
50400 3.114
50500 3.165
50600 3.18
50700 3.254
50800 3.27
50900 3.186
51000 3.207
51100 3.239
51200 3.245
51300 3.266
51400 3.245
51500 3.252
51600 3.28
51700 3.28
51800 3.284
51900 3.275
52000 3.284
52100 3.307
52200 3.306
52300 3.304
52400 3.327
52500 3.361
52600 3.317
52700 3.348
52800 3.337
52900 3.338
53000 3.32
53100 3.332
53200 3.369
53300 3.364
53400 3.404
53500 3.443
53600 3.395
53700 3.463
53800 3.463
53900 3.462
54000 3.449
54100 3.437
54200 3.413
54300 3.379
54400 3.48
54500 3.394
54600 3.458
54700 3.497
54800 3.509
54900 3.433
55000 3.471
55100 3.491
55200 3.491
55300 3.508
55400 3.477
55500 3.481
55600 3.476
55700 3.497
55800 3.512
55900 3.548
56000 3.596
56100 3.578
56200 3.561
56300 3.498
56400 3.446
56500 3.53
56600 3.552
56700 3.619
56800 3.614
56900 3.599
57000 3.605
57100 3.618
57200 3.6
57300 3.627
57400 3.684
57500 3.519
57600 3.65
57700 3.762
57800 3.8
57900 3.731
58000 3.76
58100 3.733
58200 3.619
58300 3.676
58400 3.678
58500 3.722
58600 3.69
58700 3.702
58800 3.777
58900 3.721
59000 3.729
59100 3.721
59200 3.708
59300 3.787
59400 3.779
59500 3.684
59600 3.736
59700 3.707
59800 3.786
59900 3.826
60000 3.782
60100 3.795
60200 3.837
60300 3.804
60400 3.818
60500 3.8
60600 3.811
60700 3.824
60800 3.803
60900 3.822
61000 3.82
61100 3.86
61200 3.867
61300 3.877
61400 3.892
61500 3.789
61600 3.855
61700 3.844
61800 3.896
61900 3.909
62000 3.922
62100 3.895
62200 3.835
62300 3.921
62400 3.873
62500 3.892
62600 3.912
62700 3.937
62800 3.969
62900 3.898
63000 3.91
63100 3.894
63200 3.933
63300 3.966
63400 3.922
63500 3.925
63600 3.959
63700 3.969
63800 3.971
63900 3.968
64000 3.978
64100 3.96
64200 3.986
64300 4.016
64400 3.957
64500 3.998
64600 3.995
64700 4.042
64800 4.02
64900 4.008
65000 3.989
65100 4.059
65200 4.044
65300 3.969
65400 3.982
65500 4.017
65600 4.031
65700 4.025
65800 4.111
65900 4.063
66000 4.177
66100 4.174
66200 4.122
66300 4.144
66400 4.237
66500 4.172
66600 4.155
66700 4.175
66800 4.166
66900 4.224
67000 4.189
67100 4.185
67200 4.254
67300 4.225
67400 4.2
67500 4.283
67600 4.222
67700 4.247
67800 4.309
67900 4.279
68000 4.304
68100 4.307
68200 4.308
68300 4.295
68400 4.319
68500 4.336
68600 4.335
68700 4.356
68800 4.358
68900 4.348
69000 4.3
69100 4.318
69200 4.417
69300 4.363
69400 4.447
69500 4.377
69600 4.383
69700 4.41
69800 4.429
69900 4.402
70000 4.445
70100 4.44
70200 4.462
70300 4.512
70400 4.445
70500 4.446
70600 4.525
70700 4.525
70800 4.523
70900 4.536
71000 4.566
71100 4.493
71200 4.519
71300 4.502
71400 4.583
71500 4.501
71600 4.57
71700 4.559
71800 4.54
71900 4.594
72000 4.63
72100 4.651
72200 4.58
72300 4.608
72400 4.605
72500 4.672
72600 4.584
72700 4.701
72800 4.664
72900 4.702
73000 4.654
73100 4.667
73200 4.691
73300 4.66
73400 4.69
73500 4.724
73600 4.722
73700 4.71
73800 4.76
73900 4.751
74000 4.779
74100 4.767
74200 4.767
74300 4.732
74400 4.791
74500 4.757
74600 4.785
74700 4.85
74800 4.839
74900 4.794
75000 4.835
75100 4.871
75200 4.868
75300 4.844
75400 4.729
75500 4.855
75600 4.897
75700 4.774
75800 4.824
75900 4.851
76000 4.825
76100 4.896
76200 4.969
76300 4.973
76400 4.872
76500 4.938
76600 5.016
76700 4.91
76800 4.927
76900 4.966
77000 4.962
77100 4.949
77200 4.998
77300 5.002
77400 4.95
77500 5.058
77600 5.012
77700 5.03
77800 4.943
77900 5.039
78000 5.155
78100 5.031
78200 5.079
78300 5.11
78400 5.166
78500 5.13
78600 5.195
78700 5.224
78800 5.229
78900 5.228
79000 5.13
79100 5.12
79200 5.14
79300 5.206
79400 5.191
79500 5.057
79600 5.164
79700 5.195
79800 5.238
79900 5.306
80000 5.334
80100 5.115
80200 5.155
80300 5.252
80400 5.301
80500 5.295
80600 5.203
80700 5.124
80800 5.227
80900 5.264
81000 5.209
81100 5.212
81200 5.266
81300 5.267
81400 5.213
81500 5.282
81600 5.296
81700 5.224
81800 5.273
81900 5.24
82000 5.314
82100 5.226
82200 5.263
82300 5.296
82400 5.291
82500 5.324
82600 5.31
82700 5.317
82800 5.282
82900 5.284
83000 5.244
83100 5.295
83200 5.258
83300 5.316
83400 5.357
83500 5.342
83600 5.314
83700 5.39
83800 5.454
83900 5.487
84000 5.487
84100 5.414
84200 5.478
84300 5.372
84400 5.518
84500 5.39
84600 5.422
84700 5.383
84800 5.418
84900 5.441
85000 5.502
85100 5.492
85200 5.508
85300 5.423
85400 5.467
85500 5.511
85600 5.496
85700 5.505
85800 5.452
85900 5.499
86000 5.705
86100 5.55
86200 5.542
86300 5.579
86400 5.494
86500 5.554
86600 5.563
86700 5.612
86800 5.583
86900 5.538
87000 5.562
87100 5.545
87200 5.551
87300 5.612
87400 5.677
87500 5.586
87600 5.634
87700 5.607
87800 5.712
87900 5.694
88000 5.645
88100 5.641
88200 5.661
88300 5.729
88400 5.698
88500 5.691
88600 5.772
88700 5.701
88800 5.73
88900 5.746
89000 5.752
89100 5.737
89200 5.773
89300 5.79
89400 5.733
89500 5.801
89600 5.863
89700 5.856
89800 5.851
89900 5.825
90000 5.836
90100 5.884
90200 5.861
90300 5.892
90400 5.84
90500 5.801
90600 5.847
90700 5.857
90800 5.891
90900 5.953
91000 5.971
91100 5.956
91200 5.856
91300 5.966
91400 5.991
91500 5.979
91600 5.947
91700 5.983
91800 5.972
91900 5.993
92000 5.975
92100 6.03
92200 6.002
92300 6.021
92400 5.93
92500 5.95
92600 6.051
92700 5.977
92800 5.969
92900 6.01
93000 6.065
93100 6.023
93200 6.031
93300 6.092
93400 5.997
93500 5.966
93600 5.995
93700 6.034
93800 6.005
93900 6.039
94000 6.025
94100 6.097
94200 6.085
94300 6.034
94400 6.067
94500 6.155
94600 6.027
94700 6.089
94800 6.092
94900 6.143
95000 6.149
95100 6.274
95200 6.259
95300 6.193
95400 6.203
95500 6.166
95600 6.194
95700 6.239
95800 6.32
95900 6.347
96000 6.345
96100 6.191
96200 6.245
96300 6.233
96400 6.256
96500 6.206
96600 6.251
96700 6.24
96800 6.273
96900 6.224
97000 6.252
97100 6.274
97200 6.355
97300 6.31
97400 6.345
97500 6.351
97600 6.408
97700 6.347
97800 6.333
97900 6.359
98000 6.243
98100 6.285
98200 6.313
98300 6.377
98400 6.288
98500 6.351
98600 6.399
98700 6.398
98800 6.423
98900 6.396
99000 6.351
99100 6.419
99200 6.635
99300 6.539
99400 6.527
99500 6.616
99600 6.661
99700 6.737
99800 6.47
99900 6.595
100000 6.55
