600 0.065
700 0.071
800 0.076
900 0.084
1000 0.086
1100 0.089
1200 0.1
1300 0.101
1400 0.103
1500 0.108
1600 0.11
1700 0.133
1800 0.117
1900 0.121
2000 0.119
2100 0.127
2200 0.128
2300 0.132
2400 0.135
2500 0.141
2600 0.141
2700 0.147
2800 0.149
2900 0.151
3000 0.153
3100 0.157
3200 0.16
3300 0.174
3400 0.164
3500 0.166
3600 0.18
3700 0.181
3800 0.183
3900 0.193
4000 0.194
4100 0.199
4200 0.218
4300 0.209
4400 0.236
4500 0.234
4600 0.243
4700 0.227
4800 0.232
4900 0.264
5000 0.264
5100 0.264
5200 0.274
5300 0.283
5400 0.279
5500 0.306
5600 0.299
5700 0.285
5800 0.304
5900 0.292
6000 0.309
6100 0.285
6200 0.314
6300 0.318
6400 0.321
6500 0.318
6600 0.332
6700 0.337
6800 0.343
6900 0.354
7000 0.356
7100 0.351
7200 0.363
7300 0.363
7400 0.368
7500 0.384
7600 0.384
7700 0.385
7800 0.4
7900 0.387
8000 0.385
8100 0.407
8200 0.401
8300 0.412
8400 0.423
8500 0.427
8600 0.437
8700 0.427
8800 0.444
8900 0.449
9000 0.458
9100 0.47
9200 0.466
9300 0.475
9400 0.479
9500 0.472
9600 0.498
9700 0.513
9800 0.501
9900 0.528
10000 0.546
10100 0.566
10200 0.574
10300 0.55
10400 0.571
10500 0.564
10600 0.597
10700 0.59
10800 0.55
10900 0.56
11000 0.574
11100 0.576
11200 0.576
11300 0.592
11400 0.586
11500 0.591
11600 0.612
11700 0.639
11800 0.658
11900 0.646
12000 0.622
12100 0.644
12200 0.668
12300 0.623
12400 0.626
12500 0.644
12600 0.654
12700 0.683
12800 0.69
12900 0.671
13000 0.68
13100 0.706
13200 0.681
13300 0.7
13400 0.727
13500 0.729
13600 0.72
13700 0.739
13800 0.732
13900 0.72
14000 0.738
14100 0.76
14200 0.771
14300 0.774
14400 0.779
14500 0.793
14600 0.792
14700 0.788
14800 0.787
14900 0.779
15000 0.799
15100 0.803
15200 0.79
15300 0.797
15400 0.825
15500 0.828
15600 0.826
15700 0.83
15800 0.838
15900 0.832
16000 0.872
16100 0.901
16200 0.909
16300 0.907
16400 0.912
16500 0.926
16600 0.885
16700 0.909
16800 0.88
16900 0.906
17000 0.912
17100 0.888
17200 0.893
17300 0.91
17400 0.934
17500 0.955
17600 0.927
17700 0.949
17800 0.954
17900 0.949
18000 0.948
18100 0.989
18200 1.049
18300 0.968
18400 0.97
18500 1.008
18600 1.021
18700 0.989
18800 0.995
18900 1.01
19000 1.047
19100 1.014
19200 1.041
19300 1.014
19400 1.046
19500 1.04
19600 1.039
19700 1.074
19800 1.062
19900 1.06
20000 1.082
20100 1.073
20200 1.079
20300 1.077
20400 1.067
20500 1.095
20600 1.093
20700 1.097
20800 1.113
20900 1.136
21000 1.151
21100 1.124
21200 1.156
21300 1.19
21400 1.135
21500 1.162
21600 1.159
21700 1.163
21800 1.163
21900 1.203
22000 1.225
22100 1.187
22200 1.207
22300 1.194
22400 1.202
22500 1.226
22600 1.252
22700 1.26
22800 1.271
22900 1.263
23000 1.239
23100 1.264
23200 1.25
23300 1.258
23400 1.264
23500 1.288
23600 1.268
23700 1.274
23800 1.323
23900 1.269
24000 1.293
24100 1.321
24200 1.331
24300 1.296
24400 1.282
24500 1.314
24600 1.319
24700 1.362
24800 1.361
24900 1.34
25000 1.365
25100 1.36
25200 1.364
25300 1.399
25400 1.405
25500 1.391
25600 1.417
25700 1.428
25800 1.384
25900 1.432
26000 1.425
26100 1.415
26200 1.471
26300 1.441
26400 1.477
26500 1.475
26600 1.455
26700 1.459
26800 1.501
26900 1.506
27000 1.489
27100 1.548
27200 1.548
27300 1.54
27400 1.52
27500 1.571
27600 1.522
27700 1.566
27800 1.534
27900 1.515
28000 1.537
28100 1.536
28200 1.548
28300 1.568
28400 1.522
28500 1.558
28600 1.551
28700 1.571
28800 1.571
28900 1.569
29000 1.585
29100 1.58
29200 1.616
29300 1.628
29400 1.607
29500 1.618
29600 1.63
29700 1.633
29800 1.643
29900 1.654
30000 1.67
30100 1.645
30200 1.735
30300 1.752
30400 1.697
30500 1.719
30600 1.67
30700 1.702
30800 1.722
30900 1.679
31000 1.711
31100 1.725
31200 1.7
31300 1.692
31400 1.736
31500 1.769
31600 1.808
31700 1.747
31800 1.802
31900 1.78
32000 1.794
32100 1.735
32200 1.752
32300 1.756
32400 1.771
32500 1.769
32600 1.773
32700 1.756
32800 1.821
32900 1.835
33000 1.806
33100 1.789
33200 1.837
33300 1.84
33400 1.879
33500 1.885
33600 1.893
33700 1.852
33800 1.887
33900 1.901
34000 1.945
34100 1.905
34200 1.931
34300 1.906
34400 1.907
34500 1.94
34600 1.923
34700 1.976
34800 1.959
34900 1.923
35000 1.934
35100 1.972
35200 2.004
35300 1.982
35400 2.044
35500 1.993
35600 1.992
35700 2.041
35800 2.056
35900 2.064
36000 2.037
36100 2.055
36200 2.035
36300 2.044
36400 2.109
36500 2.053
36600 2.085
36700 2.091
36800 2.097
36900 2.091
37000 2.114
37100 2.093
37200 2.076
37300 2.101
37400 2.141
37500 2.163
37600 2.114
37700 2.194
37800 2.13
37900 2.176
38000 2.178
38100 2.183
38200 2.191
38300 2.178
38400 2.169
38500 2.207
38600 2.251
38700 2.176
38800 2.197
38900 2.251
39000 2.263
39100 2.187
39200 2.258
39300 2.257
39400 2.225
39500 2.247
39600 2.28
39700 2.267
39800 2.274
39900 2.294
40000 2.197
40100 2.243
40200 2.279
40300 2.281
40400 2.308
40500 2.395
40600 2.422
40700 2.462
40800 2.319
40900 2.352
41000 2.389
41100 2.335
41200 2.387
41300 2.356
41400 2.359
41500 2.396
41600 2.418
41700 2.38
41800 2.384
41900 2.41
42000 2.439
42100 2.397
42200 2.45
42300 2.468
42400 2.428
42500 2.456
42600 2.444
42700 2.474
42800 2.465
42900 2.448
43000 2.52
43100 2.507
43200 2.471
43300 2.503
43400 2.501
43500 2.497
43600 2.49
43700 2.555
43800 2.555
43900 2.551
44000 2.569
44100 2.499
44200 2.597
44300 2.584
44400 2.588
44500 2.631
44600 2.632
44700 2.605
44800 2.602
44900 2.629
45000 2.705
45100 2.721
45200 2.695
45300 2.637
45400 2.61
45500 2.629
45600 2.639
45700 2.653
45800 2.614
45900 2.639
46000 2.647
46100 2.673
46200 2.664
46300 2.706
46400 2.717
46500 2.663
46600 2.675
46700 2.628
46800 2.66
46900 2.669
47000 2.663
47100 2.651
47200 2.672
47300 2.682
47400 2.66
47500 2.695
47600 2.701
47700 2.739
47800 2.713
47900 2.747
48000 2.745
48100 2.761
48200 2.738
48300 2.764
48400 2.807
48500 2.764
48600 2.747
48700 2.753
48800 2.808
48900 2.797
49000 2.768
49100 2.787
49200 2.749
49300 2.818
49400 2.869
49500 2.882
49600 2.869
49700 2.887
49800 2.879
49900 2.917
50000 2.889
50100 2.868
50200 2.905
50300 2.892
50400 2.894
50500 2.934
50600 2.938
50700 3.032
50800 3.036
50900 2.933
51000 2.919
51100 3.004
51200 3.001
51300 2.99
51400 2.976
51500 2.996
51600 3.0
51700 3.004
51800 3.008
51900 3.012
52000 3.003
52100 3.056
52200 3.046
52300 3.058
52400 3.087
52500 3.094
52600 3.067
52700 3.072
52800 3.104
52900 3.114
53000 3.018
53100 3.119
53200 3.071
53300 3.104
53400 3.162
53500 3.217
53600 3.127
53700 3.152
53800 3.176
53900 3.151
54000 3.189
54100 3.145
54200 3.131
54300 3.181
54400 3.241
54500 3.125
54600 3.194
54700 3.239
54800 3.255
54900 3.146
55000 3.217
55100 3.221
55200 3.222
55300 3.221
55400 3.232
55500 3.177
55600 3.2
55700 3.2
55800 3.217
55900 3.286
56000 3.337
56100 3.346
56200 3.348
56300 3.193
56400 3.237
56500 3.33
56600 3.344
56700 3.351
56800 3.405
56900 3.383
57000 3.36
57100 3.345
57200 3.377
57300 3.373
57400 3.401
57500 3.228
57600 3.388
57700 3.482
57800 3.506
57900 3.444
58000 3.43
58100 3.418
58200 3.383
58300 3.418
58400 3.399
58500 3.441
58600 3.37
58700 3.469
58800 3.478
58900 3.442
59000 3.432
59100 3.436
59200 3.436
59300 3.506
59400 3.507
59500 3.403
59600 3.487
59700 3.465
59800 3.517
59900 3.533
60000 3.49
60100 3.534
60200 3.533
60300 3.516
60400 3.58
60500 3.546
60600 3.542
60700 3.536
60800 3.49
60900 3.514
61000 3.555
61100 3.568
61200 3.597
61300 3.588
61400 3.604
61500 3.553
61600 3.555
61700 3.564
61800 3.603
61900 3.612
62000 3.646
62100 3.626
62200 3.527
62300 3.627
62400 3.559
62500 3.578
62600 3.649
62700 3.673
62800 3.685
62900 3.588
63000 3.67
63100 3.607
63200 3.645
63300 3.673
63400 3.634
63500 3.635
63600 3.705
63700 3.625
63800 3.677
63900 3.645
64000 3.659
64100 3.702
64200 3.705
64300 3.696
64400 3.628
64500 3.689
64600 3.698
64700 3.71
64800 3.687
64900 3.713
65000 3.729
65100 3.744
65200 3.725
65300 3.643
65400 3.721
65500 3.699
65600 3.753
65700 3.76
65800 3.862
65900 3.742
66000 3.875
66100 3.818
66200 3.757
66300 3.809
66400 3.888
66500 3.833
66600 3.846
66700 3.833
66800 3.84
66900 3.873
67000 3.822
67100 3.842
67200 3.883
67300 3.9
67400 3.876
67500 3.983
67600 3.889
67700 3.907
67800 3.953
67900 3.959
68000 3.981
68100 3.966
68200 3.98
68300 3.971
68400 3.977
68500 4.0
68600 3.969
68700 4.013
68800 4.022
68900 4.055
69000 3.957
69100 3.978
69200 4.051
69300 4.045
69400 4.117
69500 4.047
69600 4.066
69700 4.063
69800 4.084
69900 4.089
70000 4.09
70100 4.099
70200 4.097
70300 4.179
70400 4.112
70500 4.115
70600 4.158
70700 4.184
70800 4.148
70900 4.167
71000 4.195
71100 4.148
71200 4.145
71300 4.135
71400 4.211
71500 4.107
71600 4.175
71700 4.161
71800 4.173
71900 4.216
72000 4.26
72100 4.265
72200 4.272
72300 4.184
72400 4.218
72500 4.282
72600 4.246
72700 4.33
72800 4.275
72900 4.312
73000 4.248
73100 4.271
73200 4.315
73300 4.259
73400 4.313
73500 4.299
73600 4.312
73700 4.323
73800 4.333
73900 4.367
74000 4.363
74100 4.364
74200 4.347
74300 4.318
74400 4.355
74500 4.322
74600 4.319
74700 4.39
74800 4.41
74900 4.366
75000 4.449
75100 4.416
75200 4.473
75300 4.412
75400 4.406
75500 4.508
75600 4.525
75700 4.434
75800 4.392
75900 4.426
76000 4.422
76100 4.52
76200 4.542
76300 4.557
76400 4.476
76500 4.525
76600 4.606
76700 4.474
76800 4.544
76900 4.535
77000 4.552
77100 4.571
77200 4.616
77300 4.578
77400 4.541
77500 4.664
77600 4.588
77700 4.604
77800 4.569
77900 4.673
78000 4.686
78100 4.575
78200 4.687
78300 4.725
78400 4.752
78500 4.694
78600 4.813
78700 4.803
78800 4.814
78900 4.787
79000 4.722
79100 4.751
79200 4.761
79300 4.823
79400 4.783
79500 4.656
79600 4.811
79700 4.801
79800 4.76
79900 4.845
80000 4.87
80100 4.695
80200 4.776
80300 4.826
80400 4.822
80500 4.833
80600 4.838
80700 4.739
80800 4.774
80900 4.813
81000 4.843
81100 4.803
81200 4.808
81300 4.864
81400 4.841
81500 4.858
81600 4.893
81700 4.818
81800 4.808
81900 4.881
82000 4.88
82100 4.759
82200 4.859
82300 4.889
82400 4.919
82500 4.904
82600 4.883
82700 4.897
82800 4.871
82900 4.862
83000 4.779
83100 4.861
83200 4.816
83300 4.915
83400 5.03
83500 4.908
83600 4.9
83700 4.969
83800 5.04
83900 5.023
84000 5.042
84100 4.927
84200 5.01
84300 4.915
84400 5.048
84500 4.918
84600 4.971
84700 4.982
84800 4.992
84900 5.042
85000 5.045
85100 5.071
85200 5.059
85300 5.003
85400 5.043
85500 5.059
85600 5.06
85700 5.052
85800 4.983
85900 5.028
86000 5.394
86100 5.058
86200 5.117
86300 5.106
86400 5.032
86500 5.112
86600 5.086
86700 5.159
86800 5.177
86900 5.083
87000 5.119
87100 5.134
87200 5.11
87300 5.186
87400 5.209
87500 5.141
87600 5.177
87700 5.147
87800 5.237
87900 5.221
88000 5.187
88100 5.203
88200 5.198
88300 5.213
88400 5.216
88500 5.226
88600 5.275
88700 5.218
88800 5.258
88900 5.242
89000 5.285
89100 5.346
89200 5.276
89300 5.35
89400 5.241
89500 5.298
89600 5.344
89700 5.335
89800 5.326
89900 5.375
90000 5.355
90100 5.369
90200 5.355
90300 5.383
90400 5.359
90500 5.363
90600 5.371
90700 5.372
90800 5.394
90900 5.453
91000 5.443
91100 5.468
91200 5.356
91300 5.413
91400 5.451
91500 5.456
91600 5.46
91700 5.521
91800 5.503
91900 5.496
92000 5.506
92100 5.489
92200 5.474
92300 5.534
92400 5.417
92500 5.476
92600 5.53
92700 5.477
92800 5.499
92900 5.526
93000 5.536
93100 5.522
93200 5.507
93300 5.555
93400 5.452
93500 5.511
93600 5.514
93700 5.519
93800 5.493
93900 5.48
94000 5.518
94100 5.535
94200 5.511
94300 5.488
94400 5.592
94500 5.621
94600 5.524
94700 5.573
94800 5.585
94900 5.566
95000 5.544
95100 5.755
95200 5.713
95300 5.643
95400 5.697
95500 5.584
95600 5.601
95700 5.742
95800 5.752
95900 5.787
96000 5.707
96100 5.697
96200 5.671
96300 5.705
96400 5.693
96500 5.667
96600 5.659
96700 5.669
96800 5.693
96900 5.635
97000 5.608
97100 5.746
97200 5.805
97300 5.737
97400 5.752
97500 5.809
97600 5.839
97700 5.774
97800 5.87
97900 5.852
98000 5.665
98100 5.704
98200 5.752
98300 5.821
98400 5.712
98500 5.809
98600 5.82
98700 5.783
98800 5.785
98900 5.767
99000 5.804
99100 5.808
99200 5.931
99300 5.884
99400 5.967
99500 6.012
99600 5.994
99700 6.054
99800 5.847
99900 5.98
100000 5.876
