600 0.026
700 0.031
800 0.034
900 0.04
1000 0.043
1100 0.048
1200 0.054
1300 0.06
1400 0.062
1500 0.073
1600 0.075
1700 0.075
1800 0.081
1900 0.083
2000 0.088
2100 0.098
2200 0.108
2300 0.105
2400 0.11
2500 0.113
2600 0.128
2700 0.123
2800 0.128
2900 0.141
3000 0.141
3100 0.147
3200 0.159
3300 0.154
3400 0.161
3500 0.164
3600 0.169
3700 0.181
3800 0.178
3900 0.178
4000 0.181
4100 0.203
4200 0.2
4300 0.207
4400 0.225
4500 0.218
4600 0.225
4700 0.236
4800 0.234
4900 0.244
5000 0.238
5100 0.267
5200 0.238
5300 0.25
5400 0.258
5500 0.273
5600 0.269
5700 0.293
5800 0.29
5900 0.293
6000 0.314
6100 0.3
6200 0.29
6300 0.311
6400 0.305
6500 0.339
6600 0.335
6700 0.318
6800 0.343
6900 0.358
7000 0.364
7100 0.37
7200 0.357
7300 0.374
7400 0.354
7500 0.387
7600 0.401
7700 0.407
7800 0.407
7900 0.41
8000 0.411
8100 0.395
8200 0.432
8300 0.432
8400 0.448
8500 0.436
8600 0.438
8700 0.432
8800 0.472
8900 0.455
9000 0.484
9100 0.444
9200 0.51
9300 0.49
9400 0.479
9500 0.501
9600 0.492
9700 0.56
9800 0.571
9900 0.499
10000 0.487
10100 0.514
10200 0.505
10300 0.529
10400 0.562
10500 0.518
10600 0.549
10700 0.546
10800 0.581
10900 0.59
11000 0.584
11100 0.578
11200 0.568
11300 0.611
11400 0.61
11500 0.579
11600 0.605
11700 0.595
11800 0.621
11900 0.618
12000 0.623
12100 0.629
12200 0.62
12300 0.628
12400 0.658
12500 0.634
12600 0.652
12700 0.66
12800 0.68
12900 0.697
13000 0.71
13100 0.706
13200 0.71
13300 0.71
13400 0.713
13500 0.719
13600 0.693
13700 0.728
13800 0.718
13900 0.709
14000 0.725
14100 0.776
14200 0.803
14300 0.814
14400 0.804
14500 0.765
14600 0.797
14700 0.81
14800 0.789
14900 0.781
15000 0.797
15100 0.8
15200 0.776
15300 0.795
15400 0.813
15500 0.807
15600 0.813
15700 0.82
15800 0.82
15900 0.842
16000 0.866
16100 0.843
16200 0.841
16300 0.868
16400 0.866
16500 0.874
16600 0.829
16700 0.937
16800 0.968
16900 0.941
17000 0.906
17100 0.897
17200 0.918
17300 0.903
17400 0.906
17500 0.952
17600 0.916
17700 0.936
17800 0.992
17900 0.939
18000 0.951
18100 0.96
18200 0.959
18300 0.958
18400 0.986
18500 0.991
18600 0.976
18700 0.981
18800 0.959
18900 0.988
19000 1.036
19100 1.084
19200 1.077
19300 1.013
19400 1.117
19500 1.118
19600 1.128
19700 1.04
19800 1.08
19900 1.093
20000 1.056
20100 1.08
20200 1.117
20300 1.133
20400 1.137
20500 1.151
20600 1.058
20700 1.114
20800 1.136
20900 1.093
21000 1.144
21100 1.162
21200 1.166
21300 1.194
21400 1.212
21500 1.2
21600 1.127
21700 1.195
21800 1.181
21900 1.212
22000 1.206
22100 1.242
22200 1.222
22300 1.249
22400 1.238
22500 1.248
22600 1.299
22700 1.287
22800 1.328
22900 1.283
23000 1.262
23100 1.248
23200 1.255
23300 1.245
23400 1.275
23500 1.284
23600 1.308
23700 1.272
23800 1.282
23900 1.371
24000 1.339
24100 1.33
24200 1.349
24300 1.369
24400 1.341
24500 1.337
24600 1.33
24700 1.349
24800 1.329
24900 1.359
25000 1.402
25100 1.408
25200 1.402
25300 1.44
25400 1.436
25500 1.388
25600 1.415
25700 1.442
25800 1.462
25900 1.443
26000 1.494
26100 1.436
26200 1.412
26300 1.488
26400 1.461
26500 1.492
26600 1.464
26700 1.537
26800 1.568
26900 1.585
27000 1.484
27100 1.447
27200 1.488
27300 1.491
27400 1.499
27500 1.523
27600 1.479
27700 1.503
27800 1.57
27900 1.488
28000 1.585
28100 1.492
28200 1.567
28300 1.626
28400 1.638
28500 1.698
28600 1.641
28700 1.533
28800 1.583
28900 1.532
29000 1.665
29100 1.625
29200 1.697
29300 1.612
29400 1.607
29500 1.615
29600 1.582
29700 1.656
29800 1.647
29900 1.64
30000 1.689
30100 1.709
30200 1.649
30300 1.667
30400 1.703
30500 1.678
30600 1.668
30700 1.73
30800 1.702
30900 1.716
31000 1.656
31100 1.732
31200 1.682
31300 1.761
31400 1.731
31500 1.751
31600 1.758
31700 1.774
31800 1.682
31900 1.767
32000 1.759
32100 1.75
32200 1.76
32300 1.75
32400 1.761
32500 1.784
32600 1.727
32700 1.752
32800 1.743
32900 1.791
33000 1.817
33100 1.794
33200 1.858
33300 1.754
33400 1.809
33500 1.867
33600 1.881
33700 1.866
33800 1.877
33900 1.893
34000 1.93
34100 1.94
34200 1.872
34300 1.951
34400 1.876
34500 1.946
34600 1.887
34700 1.955
34800 1.874
34900 1.929
35000 1.927
35100 1.935
35200 1.985
35300 2.01
35400 2.004
35500 2.023
35600 2.008
35700 2.016
35800 2.076
35900 2.093
36000 2.097
36100 2.048
36200 2.027
36300 2.036
36400 1.948
36500 1.974
36600 1.986
36700 1.987
36800 2.067
36900 2.099
37000 2.128
37100 2.174
37200 2.181
37300 2.089
37400 2.115
37500 2.129
37600 2.13
37700 2.142
37800 2.152
37900 2.166
38000 2.067
38100 2.063
38200 2.185
38300 2.21
38400 2.178
38500 2.163
38600 2.241
38700 2.208
38800 2.117
38900 2.205
39000 2.257
39100 2.273
39200 2.281
39300 2.251
39400 2.248
39500 2.274
39600 2.295
39700 2.301
39800 2.304
39900 2.298
40000 2.282
40100 2.275
40200 2.312
40300 2.271
40400 2.305
40500 2.215
40600 2.272
40700 2.328
40800 2.3
40900 2.289
41000 2.35
41100 2.372
41200 2.323
41300 2.333
41400 2.343
41500 2.393
41600 2.425
41700 2.397
41800 2.433
41900 2.422
42000 2.438
42100 2.464
42200 2.321
42300 2.37
42400 2.303
42500 2.404
42600 2.445
42700 2.437
42800 2.466
42900 2.465
43000 2.419
43100 2.445
43200 2.492
43300 2.502
43400 2.5
43500 2.541
43600 2.386
43700 2.544
43800 2.557
43900 2.4
44000 2.425
44100 2.492
44200 2.559
44300 2.657
44400 2.712
44500 2.497
44600 2.496
44700 2.592
44800 2.603
44900 2.629
45000 2.717
45100 2.585
45200 2.636
45300 2.597
45400 2.601
45500 2.599
45600 2.608
45700 2.624
45800 2.64
45900 2.691
46000 2.697
46100 2.605
46200 2.609
46300 2.676
46400 2.735
46500 2.744
46600 2.716
46700 2.639
46800 2.653
46900 2.691
47000 2.747
47100 2.672
47200 2.719
47300 2.589
47400 2.645
47500 2.664
47600 2.637
47700 2.695
47800 2.779
47900 2.658
48000 2.674
48100 2.779
48200 2.822
48300 2.809
48400 2.676
48500 2.794
48600 2.877
48700 2.705
48800 2.655
48900 2.736
49000 2.776
49100 2.774
49200 2.833
49300 2.795
49400 2.697
49500 2.743
49600 2.866
49700 2.773
49800 2.801
49900 2.916
50000 2.941
50100 2.94
50200 2.75
50300 2.81
50400 2.924
50500 2.966
50600 2.988
50700 3.003
50800 2.791
50900 2.861
51000 2.875
51100 2.881
51200 2.966
51300 3.011
51400 2.89
51500 2.932
51600 2.963
51700 3.002
51800 3.029
51900 3.005
52000 2.999
52100 3.028
52200 3.036
52300 3.093
52400 3.113
52500 2.917
52600 3.036
52700 2.987
52800 2.992
52900 3.106
53000 3.187
53100 2.909
53200 3.074
53300 3.138
53400 3.172
53500 3.187
53600 3.073
53700 3.167
53800 3.026
53900 3.079
54000 3.162
54100 3.168
54200 3.172
54300 3.152
54400 3.219
54500 3.188
54600 3.234
54700 3.053
54800 3.106
54900 3.113
55000 3.202
55100 3.258
55200 3.13
55300 3.247
55400 3.211
55500 3.214
55600 3.121
55700 3.242
55800 3.11
55900 3.223
56000 3.323
56100 3.186
56200 3.234
56300 3.236
56400 3.233
56500 3.306
56600 3.334
56700 3.326
56800 3.248
56900 3.268
57000 3.268
57100 3.293
57200 3.28
57300 3.231
57400 3.329
57500 3.278
57600 3.35
57700 3.349
57800 3.369
57900 3.268
58000 3.366
58100 3.387
58200 3.399
58300 3.278
58400 3.366
58500 3.373
58600 3.416
58700 3.475
58800 3.451
58900 3.422
59000 3.456
59100 3.421
59200 3.495
59300 3.492
59400 3.491
59500 3.5
59600 3.514
59700 3.406
59800 3.498
59900 3.508
60000 3.527
60100 3.559
60200 3.554
60300 3.584
60400 3.536
60500 3.546
60600 3.573
60700 3.551
60800 3.516
60900 3.561
61000 3.445
61100 3.586
61200 3.515
61300 3.484
61400 3.508
61500 3.573
61600 3.511
61700 3.597
61800 3.658
61900 3.665
62000 3.46
62100 3.592
62200 3.627
62300 3.571
62400 3.6
62500 3.613
62600 3.669
62700 3.69
62800 3.716
62900 3.716
63000 3.72
63100 3.586
63200 3.553
63300 3.592
63400 3.625
63500 3.619
63600 3.611
63700 3.684
63800 3.725
63900 3.731
64000 3.769
64100 3.665
64200 3.575
64300 3.754
64400 3.753
64500 3.502
64600 3.716
64700 3.762
64800 3.524
64900 3.708
65000 3.734
65100 3.731
65200 3.773
65300 3.751
65400 3.767
65500 3.746
65600 3.548
65700 3.778
65800 3.638
65900 3.793
66000 3.661
66100 3.813
66200 3.865
66300 3.64
66400 3.788
66500 3.87
66600 3.641
66700 3.73
66800 3.915
66900 3.9
67000 3.904
67100 3.914
67200 3.918
67300 3.917
67400 3.723
67500 3.875
67600 3.946
67700 3.955
67800 3.956
67900 3.901
68000 3.952
68100 3.921
68200 3.804
68300 3.909
68400 3.792
68500 3.882
68600 3.983
68700 4.025
68800 3.962
68900 4.036
69000 4.041
69100 4.04
69200 4.05
69300 4.056
69400 4.094
69500 4.072
69600 4.072
69700 4.011
69800 4.096
69900 3.866
70000 4.075
70100 4.09
70200 4.132
70300 4.135
70400 4.081
70500 4.12
70600 4.097
70700 3.952
70800 4.132
70900 4.13
71000 3.973
71100 4.026
71200 4.182
71300 4.142
71400 4.231
71500 4.035
71600 4.13
71700 4.247
71800 4.038
71900 4.094
72000 4.213
72100 4.207
72200 4.237
72300 4.257
72400 4.295
72500 4.097
72600 4.13
72700 4.232
72800 4.065
72900 4.252
73000 4.138
73100 4.146
73200 4.26
73300 4.288
73400 4.315
73500 4.379
73600 4.425
73700 4.435
73800 4.368
73900 4.451
74000 4.437
74100 4.174
74200 4.21
74300 4.343
74400 4.425
74500 4.349
74600 4.415
74700 4.449
74800 4.45
74900 4.234
75000 4.262
75100 4.32
75200 4.441
75300 4.323
75400 4.384
75500 4.33
75600 4.357
75700 4.405
75800 4.43
75900 4.457
76000 4.494
76100 4.46
76200 4.503
76300 4.549
76400 4.461
76500 4.535
76600 4.478
76700 4.51
76800 4.506
76900 4.516
77000 4.522
77100 4.516
77200 4.52
77300 4.428
77400 4.555
77500 4.564
77600 4.446
77700 4.442
77800 4.58
77900 4.599
78000 4.453
78100 4.475
78200 4.463
78300 4.591
78400 4.44
78500 4.676
78600 4.619
78700 4.651
78800 4.667
78900 4.643
79000 4.525
79100 4.663
79200 4.478
79300 4.583
79400 4.752
79500 4.484
79600 4.65
79700 4.675
79800 4.721
79900 4.64
80000 4.611
80100 4.588
80200 4.773
80300 4.744
80400 4.77
80500 4.535
80600 4.669
80700 4.743
80800 4.797
80900 4.865
81000 4.672
81100 4.708
81200 4.646
81300 4.708
81400 4.637
81500 4.785
81600 4.643
81700 4.86
81800 4.944
81900 4.951
82000 4.936
82100 4.894
82200 4.916
82300 5.043
82400 4.885
82500 4.917
82600 4.89
82700 4.884
82800 4.897
82900 4.819
83000 4.876
83100 4.908
83200 4.896
83300 4.89
83400 4.78
83500 4.878
83600 4.896
83700 4.703
83800 4.793
83900 4.885
84000 4.894
84100 4.921
84200 4.911
84300 4.947
84400 4.778
84500 5.012
84600 4.907
84700 4.831
84800 4.876
84900 4.843
85000 4.953
85100 4.85
85200 4.896
85300 4.991
85400 4.838
85500 5.004
85600 5.073
85700 5.072
85800 5.104
85900 5.015
86000 5.004
86100 5.125
86200 5.219
86300 5.174
86400 5.191
86500 4.942
86600 5.09
86700 5.128
86800 5.145
86900 5.17
87000 4.868
87100 4.94
87200 4.946
87300 4.966
87400 5.1
87500 4.929
87600 4.981
87700 4.984
87800 5.183
87900 5.274
88000 5.193
88100 4.952
88200 5.024
88300 5.22
88400 5.357
88500 5.284
88600 5.178
88700 5.295
88800 5.292
88900 5.266
89000 5.319
89100 5.331
89200 5.339
89300 5.328
89400 5.332
89500 5.358
89600 5.36
89700 5.351
89800 5.4
89900 5.131
90000 5.31
90100 5.372
90200 5.396
90300 5.169
90400 5.186
90500 5.189
90600 5.2
90700 5.201
90800 5.214
90900 5.473
91000 5.186
91100 5.45
91200 5.467
91300 5.471
91400 5.245
91500 5.595
91600 5.432
91700 5.472
91800 5.615
91900 5.485
92000 5.427
92100 5.446
92200 5.526
92300 5.27
92400 5.308
92500 5.549
92600 5.616
92700 5.292
92800 5.524
92900 5.552
93000 5.523
93100 5.485
93200 5.301
93300 5.358
93400 5.347
93500 5.614
93600 5.306
93700 5.356
93800 5.575
93900 5.371
94000 5.686
94100 5.313
94200 5.558
94300 5.615
94400 5.59
94500 5.343
94600 5.404
94700 5.651
94800 5.583
94900 5.696
95000 5.708
95100 5.716
95200 5.713
95300 5.698
95400 5.77
95500 5.415
95600 5.683
95700 5.491
95800 5.673
95900 5.7
96000 5.7
96100 5.769
96200 5.82
96300 5.44
96400 5.484
96500 5.782
96600 5.441
96700 5.802
96800 5.746
96900 5.824
97000 5.732
97100 5.833
97200 5.865
97300 5.883
97400 5.873
97500 5.813
97600 5.83
97700 5.806
97800 5.836
97900 5.844
98000 5.864
98100 5.781
98200 5.75
98300 5.818
98400 5.811
98500 5.602
98600 5.629
98700 5.652
98800 5.823
98900 5.827
99000 5.78
99100 5.806
99200 5.694
99300 5.721
99400 5.775
99500 5.94
99600 5.953
99700 5.817
99800 5.999
99900 5.888
100000 5.988
