600 0.025
700 0.03
800 0.033
900 0.037
1000 0.041
1100 0.046
1200 0.056
1300 0.062
1400 0.072
1500 0.066
1600 0.071
1700 0.078
1800 0.082
1900 0.087
2000 0.089
2100 0.111
2200 0.098
2300 0.112
2400 0.118
2500 0.118
2600 0.134
2700 0.122
2800 0.128
2900 0.133
3000 0.143
3100 0.146
3200 0.148
3300 0.153
3400 0.156
3500 0.169
3600 0.17
3700 0.177
3800 0.2
3900 0.181
4000 0.187
4100 0.207
4200 0.199
4300 0.211
4400 0.228
4500 0.217
4600 0.229
4700 0.233
4800 0.238
4900 0.256
5000 0.257
5100 0.266
5200 0.274
5300 0.258
5400 0.273
5500 0.284
5600 0.281
5700 0.296
5800 0.306
5900 0.279
6000 0.303
6100 0.3
6200 0.315
6300 0.307
6400 0.318
6500 0.33
6600 0.343
6700 0.348
6800 0.338
6900 0.369
7000 0.352
7100 0.363
7200 0.365
7300 0.373
7400 0.379
7500 0.365
7600 0.383
7700 0.383
7800 0.394
7900 0.405
8000 0.4
8100 0.418
8200 0.411
8300 0.425
8400 0.428
8500 0.444
8600 0.451
8700 0.445
8800 0.441
8900 0.463
9000 0.465
9100 0.47
9200 0.459
9300 0.487
9400 0.49
9500 0.509
9600 0.513
9700 0.497
9800 0.513
9900 0.521
10000 0.535
10100 0.526
10200 0.536
10300 0.538
10400 0.529
10500 0.534
10600 0.558
10700 0.547
10800 0.565
10900 0.552
11000 0.567
11100 0.566
11200 0.601
11300 0.593
11400 0.619
11500 0.597
11600 0.602
11700 0.61
11800 0.611
11900 0.625
12000 0.647
12100 0.645
12200 0.663
12300 0.661
12400 0.663
12500 0.65
12600 0.655
12700 0.655
12800 0.659
12900 0.658
13000 0.707
13100 0.71
13200 0.697
13300 0.72
13400 0.711
13500 0.703
13600 0.696
13700 0.74
13800 0.76
13900 0.763
14000 0.715
14100 0.735
14200 0.743
14300 0.735
14400 0.747
14500 0.779
14600 0.766
14700 0.785
14800 0.82
14900 0.802
15000 0.819
15100 0.831
15200 0.812
15300 0.795
15400 0.84
15500 0.824
15600 0.838
15700 0.831
15800 0.826
15900 0.848
16000 0.832
16100 0.837
16200 0.873
16300 0.863
16400 0.853
16500 0.876
16600 0.836
16700 0.89
16800 0.922
16900 0.845
17000 0.887
17100 0.951
17200 0.945
17300 0.953
17400 0.95
17500 0.959
17600 0.902
17700 0.916
17800 0.957
17900 0.979
18000 0.925
18100 0.94
18200 0.969
18300 0.956
18400 0.972
18500 0.96
18600 0.967
18700 0.978
18800 0.978
18900 0.991
19000 1.01
19100 1.03
19200 1.026
19300 1.037
19400 1.029
19500 1.036
19600 1.016
19700 1.054
19800 1.11
19900 1.102
20000 1.053
20100 1.037
20200 1.057
20300 1.067
20400 1.07
20500 1.126
20600 1.132
20700 1.118
20800 1.123
20900 1.076
21000 1.109
21100 1.141
21200 1.184
21300 1.177
21400 1.171
21500 1.116
21600 1.209
21700 1.182
21800 1.187
21900 1.211
22000 1.253
22100 1.154
22200 1.208
22300 1.241
22400 1.256
22500 1.242
22600 1.317
22700 1.287
22800 1.195
22900 1.26
23000 1.302
23100 1.298
23200 1.321
23300 1.287
23400 1.316
23500 1.228
23600 1.238
23700 1.276
23800 1.285
23900 1.347
24000 1.356
24100 1.366
24200 1.372
24300 1.273
24400 1.274
24500 1.282
24600 1.312
24700 1.375
24800 1.365
24900 1.406
25000 1.403
25100 1.424
25200 1.408
25300 1.435
25400 1.336
25500 1.403
25600 1.449
25700 1.476
25800 1.437
25900 1.394
26000 1.404
26100 1.503
26200 1.471
26300 1.462
26400 1.455
26500 1.48
26600 1.536
26700 1.536
26800 1.532
26900 1.541
27000 1.518
27100 1.547
27200 1.566
27300 1.553
27400 1.594
27500 1.56
27600 1.563
27700 1.545
27800 1.593
27900 1.597
28000 1.602
28100 1.627
28200 1.613
28300 1.589
28400 1.595
28500 1.586
28600 1.575
28700 1.567
28800 1.563
28900 1.577
29000 1.656
29100 1.675
29200 1.678
29300 1.676
29400 1.69
29500 1.663
29600 1.66
29700 1.605
29800 1.624
29900 1.655
30000 1.615
30100 1.707
30200 1.682
30300 1.635
30400 1.665
30500 1.688
30600 1.72
30700 1.74
30800 1.742
30900 1.741
31000 1.791
31100 1.878
31200 1.866
31300 1.872
31400 1.758
31500 1.795
31600 1.723
31700 1.754
31800 1.78
31900 1.85
32000 1.9
32100 1.922
32200 1.927
32300 1.765
32400 1.783
32500 1.734
32600 1.755
32700 1.766
32800 1.802
32900 1.849
33000 1.873
33100 1.815
33200 1.823
33300 1.897
33400 1.935
33500 1.898
33600 1.93
33700 1.942
33800 1.952
33900 1.949
34000 1.949
34100 1.909
34200 1.954
34300 1.965
34400 1.982
34500 1.996
34600 2.007
34700 2.004
34800 2.015
34900 2.005
35000 2.011
35100 2.019
35200 1.902
35300 1.982
35400 2.016
35500 2.025
35600 2.029
35700 1.974
35800 1.996
35900 2.018
36000 2.108
36100 2.089
36200 2.034
36300 2.041
36400 2.013
36500 2.043
36600 2.076
36700 2.07
36800 2.083
36900 2.046
37000 2.064
37100 2.057
37200 2.104
37300 2.1
37400 2.07
37500 2.099
37600 2.081
37700 2.163
37800 2.11
37900 2.117
38000 2.118
38100 2.121
38200 2.141
38300 2.139
38400 2.157
38500 2.171
38600 2.132
38700 2.214
38800 2.242
38900 2.154
39000 2.176
39100 2.192
39200 2.347
39300 2.267
39400 2.211
39500 2.196
39600 2.217
39700 2.207
39800 2.283
39900 2.207
40000 2.29
40100 2.317
40200 2.346
40300 2.346
40400 2.188
40500 2.246
40600 2.314
40700 2.337
40800 2.378
40900 2.351
41000 2.267
41100 2.343
41200 2.282
41300 2.294
41400 2.314
41500 2.307
41600 2.286
41700 2.37
41800 2.33
41900 2.394
42000 2.436
42100 2.443
42200 2.453
42300 2.474
42400 2.463
42500 2.407
42600 2.418
42700 2.38
42800 2.45
42900 2.508
43000 2.52
43100 2.335
43200 2.417
43300 2.409
43400 2.456
43500 2.487
43600 2.429
43700 2.438
43800 2.46
43900 2.514
44000 2.548
44100 2.506
44200 2.544
44300 2.525
44400 2.606
44500 2.616
44600 2.46
44700 2.501
44800 2.493
44900 2.525
45000 2.527
45100 2.614
45200 2.629
45300 2.526
45400 2.617
45500 2.664
45600 2.668
45700 2.634
45800 2.55
45900 2.637
46000 2.657
46100 2.711
46200 2.704
46300 2.753
46400 2.817
46500 2.848
46600 2.853
46700 2.847
46800 2.825
46900 2.859
47000 2.843
47100 2.74
47200 2.618
47300 2.62
47400 2.732
47500 2.79
47600 2.782
47700 2.809
47800 2.806
47900 2.784
48000 2.791
48100 2.821
48200 2.799
48300 2.795
48400 2.832
48500 2.889
48600 2.972
48700 2.981
48800 2.979
48900 2.983
49000 2.966
49100 2.713
49200 2.816
49300 2.847
49400 2.88
49500 2.885
49600 2.893
49700 2.9
49800 2.799
49900 2.805
50000 2.815
50100 2.817
50200 2.828
50300 2.815
50400 2.827
50500 2.918
50600 2.891
50700 2.981
50800 2.983
50900 2.972
51000 3.008
51100 2.904
51200 2.981
51300 3.022
51400 2.955
51500 2.984
51600 2.893
51700 2.96
51800 3.02
51900 3.064
52000 3.075
52100 3.055
52200 3.077
52300 3.039
52400 3.078
52500 3.045
52600 3.08
52700 3.02
52800 3.016
52900 3.054
53000 3.073
53100 3.07
53200 3.053
53300 3.048
53400 3.125
53500 3.063
53600 3.109
53700 3.015
53800 3.184
53900 3.028
54000 3.118
54100 3.151
54200 3.064
54300 3.055
54400 3.088
54500 3.087
54600 3.09
54700 3.047
54800 3.19
54900 3.247
55000 3.287
55100 3.181
55200 3.218
55300 3.256
55400 3.307
55500 3.299
55600 3.212
55700 3.057
55800 3.102
55900 3.124
56000 3.199
56100 3.221
56200 3.261
56300 3.269
56400 3.273
56500 3.282
56600 3.352
56700 3.362
56800 3.175
56900 3.298
57000 3.341
57100 3.39
57200 3.143
57300 3.208
57400 3.248
57500 3.301
57600 3.272
57700 3.296
57800 3.369
57900 3.446
58000 3.481
58100 3.479
58200 3.497
58300 3.513
58400 3.483
58500 3.466
58600 3.493
58700 3.507
58800 3.512
58900 3.506
59000 3.347
59100 3.349
59200 3.384
59300 3.366
59400 3.381
59500 3.378
59600 3.4
59700 3.384
59800 3.394
59900 3.425
60000 3.537
60100 3.467
60200 3.522
60300 3.544
60400 3.605
60500 3.524
60600 3.548
60700 3.561
60800 3.568
60900 3.599
61000 3.572
61100 3.558
61200 3.492
61300 3.55
61400 3.578
61500 3.467
61600 3.533
61700 3.502
61800 3.528
61900 3.644
62000 3.61
62100 3.624
62200 3.541
62300 3.548
62400 3.526
62500 3.533
62600 3.621
62700 3.68
62800 3.565
62900 3.533
63000 3.564
63100 3.58
63200 3.597
63300 3.645
63400 3.669
63500 3.676
63600 3.749
63700 3.682
63800 3.779
63900 3.758
64000 3.739
64100 3.758
64200 3.743
64300 3.64
64400 3.716
64500 3.713
64600 3.733
64700 3.789
64800 3.764
64900 3.782
65000 3.837
65100 3.796
65200 3.683
65300 3.601
65400 3.645
65500 3.637
65600 3.669
65700 3.658
65800 3.736
65900 3.771
66000 3.782
66100 3.774
66200 3.788
66300 3.694
66400 3.76
66500 3.771
66600 3.831
66700 3.864
66800 3.718
66900 3.775
67000 3.787
67100 3.819
67200 3.888
67300 3.944
67400 3.838
67500 3.793
67600 3.912
67700 3.9
67800 3.949
67900 3.983
68000 3.991
68100 4.017
68200 4.041
68300 3.918
68400 3.975
68500 3.976
68600 3.928
68700 4.027
68800 4.054
68900 4.052
69000 4.062
69100 3.951
69200 3.956
69300 3.973
69400 3.989
69500 4.031
69600 4.029
69700 4.022
69800 4.003
69900 4.024
70000 4.047
70100 4.038
70200 4.056
70300 4.058
70400 4.063
70500 4.054
70600 4.03
70700 4.094
70800 4.084
70900 4.061
71000 4.074
71100 4.1
71200 4.151
71300 4.22
71400 4.189
71500 4.228
71600 4.189
71700 4.202
71800 4.227
71900 4.082
72000 4.139
72100 4.146
72200 4.205
72300 4.132
72400 4.245
72500 4.3
72600 4.278
72700 4.222
72800 4.31
72900 4.326
73000 4.322
73100 4.264
73200 4.334
73300 4.277
73400 4.304
73500 4.36
73600 4.165
73700 4.412
73800 4.174
73900 4.265
74000 4.228
74100 4.251
74200 4.363
74300 4.374
74400 4.395
74500 4.263
74600 4.394
74700 4.507
74800 4.507
74900 4.477
75000 4.488
75100 4.483
75200 4.493
75300 4.291
75400 4.456
75500 4.415
75600 4.518
75700 4.526
75800 4.536
75900 4.322
76000 4.38
76100 4.397
76200 4.403
76300 4.42
76400 4.413
76500 4.391
76600 4.392
76700 4.55
76800 4.641
76900 4.519
77000 4.562
77100 4.596
77200 4.585
77300 4.611
77400 4.679
77500 4.693
77600 4.726
77700 4.703
77800 4.7
77900 4.737
78000 4.725
78100 4.714
78200 4.708
78300 4.457
78400 4.474
78500 4.655
78600 4.671
78700 4.656
78800 4.503
78900 4.519
79000 4.519
79100 4.507
79200 4.684
79300 4.758
79400 4.695
79500 4.568
79600 4.571
79700 4.586
79800 4.596
79900 4.599
80000 4.764
80100 4.793
80200 4.799
80300 4.773
80400 4.779
80500 4.811
80600 4.881
80700 4.891
80800 4.716
80900 4.625
81000 4.634
81100 4.627
81200 4.664
81300 4.635
81400 4.639
81500 4.645
81600 4.642
81700 4.663
81800 4.663
81900 4.834
82000 4.874
82100 4.877
82200 4.883
82300 4.888
82400 4.663
82500 4.735
82600 4.763
82700 4.773
82800 4.757
82900 4.808
83000 4.84
83100 4.857
83200 4.871
83300 4.834
83400 4.956
83500 4.989
83600 5.031
83700 5.106
83800 5.051
83900 5.021
84000 5.052
84100 4.924
84200 5.064
84300 5.04
84400 4.839
84500 4.852
84600 4.97
84700 5.063
84800 5.063
84900 5.133
85000 5.135
85100 5.102
85200 5.123
85300 5.05
85400 5.067
85500 5.057
85600 5.104
85700 5.13
85800 4.983
85900 4.963
86000 4.984
86100 4.961
86200 4.974
86300 5.136
86400 5.246
86500 5.225
86600 5.292
86700 5.304
86800 5.297
86900 5.339
87000 5.335
87100 5.34
87200 5.317
87300 5.303
87400 5.291
87500 5.039
87600 5.017
87700 5.039
87800 5.143
87900 5.063
88000 5.084
88100 5.154
88200 5.267
88300 5.295
88400 5.438
88500 5.482
88600 5.291
88700 5.054
88800 5.105
88900 5.137
89000 5.289
89100 5.216
89200 5.284
89300 5.211
89400 5.304
89500 5.297
89600 5.313
89700 5.32
89800 5.202
89900 5.185
90000 5.274
90100 5.319
90200 5.397
90300 5.46
90400 5.427
90500 5.184
90600 5.226
90700 5.249
90800 5.388
90900 5.342
91000 5.249
91100 5.257
91200 5.529
91300 5.589
91400 5.627
91500 5.247
91600 5.285
91700 5.273
91800 5.298
91900 5.443
92000 5.493
92100 5.294
92200 5.323
92300 5.329
92400 5.331
92500 5.341
92600 5.539
92700 5.596
92800 5.511
92900 5.501
93000 5.315
93100 5.357
93200 5.357
93300 5.47
93400 5.559
93500 5.501
93600 5.486
93700 5.659
93800 5.756
93900 5.736
94000 5.691
94100 5.648
94200 5.487
94300 5.532
94400 5.558
94500 5.543
94600 5.7
94700 5.786
94800 5.727
94900 5.697
95000 5.759
95100 5.765
95200 5.742
95300 5.403
95400 5.486
95500 5.488
95600 5.712
95700 5.698
95800 5.767
95900 5.732
96000 5.701
96100 5.748
96200 5.758
96300 5.758
96400 5.465
96500 5.545
96600 5.554
96700 5.563
96800 5.541
96900 5.559
97000 5.538
97100 5.554
97200 5.554
97300 5.519
97400 5.593
97500 5.72
97600 5.772
97700 5.772
97800 5.8
97900 5.763
98000 5.635
98100 5.703
98200 5.794
98300 5.777
98400 5.586
98500 5.864
98600 5.643
98700 5.675
98800 5.691
98900 5.822
99000 5.836
99100 5.707
99200 5.727
99300 5.73
99400 5.796
99500 5.8
99600 5.892
99700 5.797
99800 5.857
99900 5.905
100000 5.913
