600 0.061
700 0.067
800 0.07
900 0.077
1000 0.079
1100 0.082
1200 0.093
1300 0.112
1400 0.094
1500 0.1
1600 0.102
1700 0.11
1800 0.107
1900 0.11
2000 0.108
2100 0.114
2200 0.115
2300 0.121
2400 0.121
2500 0.127
2600 0.125
2700 0.134
2800 0.134
2900 0.136
3000 0.136
3100 0.14
3200 0.145
3300 0.154
3400 0.146
3500 0.148
3600 0.158
3700 0.156
3800 0.162
3900 0.173
4000 0.174
4100 0.173
4200 0.199
4300 0.184
4400 0.218
4500 0.215
4600 0.221
4700 0.202
4800 0.204
4900 0.233
5000 0.231
5100 0.245
5200 0.239
5300 0.248
5400 0.245
5500 0.262
5600 0.264
5700 0.26
5800 0.256
5900 0.258
6000 0.263
6100 0.258
6200 0.271
6300 0.297
6400 0.282
6500 0.284
6600 0.285
6700 0.301
6800 0.291
6900 0.312
7000 0.315
7100 0.306
7200 0.315
7300 0.324
7400 0.317
7500 0.327
7600 0.339
7700 0.35
7800 0.34
7900 0.348
8000 0.349
8100 0.354
8200 0.35
8300 0.36
8400 0.37
8500 0.377
8600 0.372
8700 0.39
8800 0.403
8900 0.409
9000 0.417
9100 0.397
9200 0.408
9300 0.407
9400 0.417
9500 0.416
9600 0.427
9700 0.434
9800 0.43
9900 0.437
10000 0.495
10100 0.495
10200 0.507
10300 0.484
10400 0.501
10500 0.499
10600 0.515
10700 0.524
10800 0.475
10900 0.482
11000 0.476
11100 0.498
11200 0.515
11300 0.488
11400 0.52
11500 0.505
11600 0.529
11700 0.544
11800 0.573
11900 0.57
12000 0.545
12100 0.56
12200 0.568
12300 0.543
12400 0.541
12500 0.552
12600 0.58
12700 0.597
12800 0.598
12900 0.575
13000 0.578
13100 0.611
13200 0.583
13300 0.594
13400 0.621
13500 0.628
13600 0.617
13700 0.634
13800 0.641
13900 0.624
14000 0.656
14100 0.646
14200 0.681
14300 0.677
14400 0.667
14500 0.68
14600 0.687
14700 0.679
14800 0.673
14900 0.684
15000 0.681
15100 0.701
15200 0.7
15300 0.676
15400 0.684
15500 0.73
15600 0.686
15700 0.7
15800 0.708
15900 0.714
16000 0.757
16100 0.778
16200 0.777
16300 0.783
16400 0.786
16500 0.81
16600 0.767
16700 0.785
16800 0.755
16900 0.738
17000 0.771
17100 0.742
17200 0.754
17300 0.779
17400 0.791
17500 0.808
17600 0.799
17700 0.804
17800 0.805
17900 0.816
18000 0.822
18100 0.851
18200 0.907
18300 0.846
18400 0.834
18500 0.873
18600 0.898
18700 0.846
18800 0.846
18900 0.875
19000 0.886
19100 0.878
19200 0.897
19300 0.877
19400 0.89
19500 0.894
19600 0.893
19700 0.887
19800 0.896
19900 0.915
20000 0.93
20100 0.911
20200 0.936
20300 0.932
20400 0.917
20500 0.94
20600 0.926
20700 0.94
20800 0.939
20900 0.949
21000 0.95
21100 0.96
21200 0.979
21300 0.984
21400 0.99
21500 1.0
21600 1.005
21700 0.993
21800 1.005
21900 1.018
22000 1.017
22100 1.002
22200 1.019
22300 1.029
22400 1.038
22500 1.029
22600 1.058
22700 1.073
22800 1.053
22900 1.058
23000 1.04
23100 1.088
23200 1.082
23300 1.062
23400 1.063
23500 1.11
23600 1.083
23700 1.098
23800 1.144
23900 1.121
24000 1.109
24100 1.123
24200 1.126
24300 1.113
24400 1.092
24500 1.11
24600 1.107
24700 1.132
24800 1.127
24900 1.124
25000 1.144
25100 1.159
25200 1.15
25300 1.159
25400 1.169
25500 1.19
25600 1.189
25700 1.186
25800 1.176
25900 1.187
26000 1.216
26100 1.176
26200 1.21
26300 1.243
26400 1.228
26500 1.24
26600 1.219
26700 1.245
26800 1.227
26900 1.259
27000 1.264
27100 1.287
27200 1.289
27300 1.314
27400 1.314
27500 1.308
27600 1.312
27700 1.321
27800 1.271
27900 1.281
28000 1.313
28100 1.284
28200 1.307
28300 1.296
28400 1.273
28500 1.33
28600 1.34
28700 1.31
28800 1.338
28900 1.329
29000 1.32
29100 1.328
29200 1.333
29300 1.361
29400 1.353
29500 1.357
29600 1.351
29700 1.362
29800 1.395
29900 1.396
30000 1.392
30100 1.396
30200 1.458
30300 1.475
30400 1.408
30500 1.413
30600 1.401
30700 1.415
30800 1.403
30900 1.422
31000 1.414
31100 1.428
31200 1.413
31300 1.432
31400 1.466
31500 1.518
31600 1.503
31700 1.447
31800 1.483
31900 1.464
32000 1.475
32100 1.483
32200 1.464
32300 1.444
32400 1.493
32500 1.489
32600 1.489
32700 1.511
32800 1.49
32900 1.537
33000 1.486
33100 1.513
33200 1.544
33300 1.538
33400 1.575
33500 1.552
33600 1.572
33700 1.527
33800 1.564
33900 1.596
34000 1.613
34100 1.581
34200 1.641
34300 1.59
34400 1.608
34500 1.604
34600 1.597
34700 1.636
34800 1.628
34900 1.601
35000 1.649
35100 1.643
35200 1.67
35300 1.673
35400 1.692
35500 1.663
35600 1.644
35700 1.667
35800 1.708
35900 1.733
36000 1.698
36100 1.734
36200 1.675
36300 1.704
36400 1.749
36500 1.682
36600 1.723
36700 1.726
36800 1.747
36900 1.751
37000 1.77
37100 1.731
37200 1.748
37300 1.759
37400 1.801
37500 1.804
37600 1.771
37700 1.845
37800 1.81
37900 1.824
38000 1.831
38100 1.839
38200 1.84
38300 1.838
38400 1.836
38500 1.864
38600 1.863
38700 1.833
38800 1.83
38900 1.869
39000 1.875
39100 1.825
39200 1.881
39300 1.88
39400 1.852
39500 1.859
39600 1.878
39700 1.877
39800 1.867
39900 1.935
40000 1.805
40100 1.878
40200 1.89
40300 1.908
40400 1.908
40500 1.971
40600 1.975
40700 2.012
40800 1.988
40900 1.943
41000 1.965
41100 1.931
41200 1.975
41300 1.957
41400 1.964
41500 1.992
41600 2.02
41700 1.962
41800 2.007
41900 2.0
42000 2.023
42100 1.997
42200 2.054
42300 2.053
42400 2.006
42500 2.07
42600 2.044
42700 2.031
42800 2.066
42900 2.064
43000 2.096
43100 2.072
43200 2.055
43300 2.084
43400 2.047
43500 2.039
43600 2.066
43700 2.112
43800 2.096
43900 2.106
44000 2.13
44100 2.117
44200 2.132
44300 2.113
44400 2.17
44500 2.219
44600 2.205
44700 2.19
44800 2.131
44900 2.158
45000 2.227
45100 2.235
45200 2.209
45300 2.159
45400 2.162
45500 2.203
45600 2.187
45700 2.189
45800 2.172
45900 2.186
46000 2.186
46100 2.224
46200 2.21
46300 2.22
46400 2.234
46500 2.199
46600 2.207
46700 2.178
46800 2.211
46900 2.208
47000 2.2
47100 2.189
47200 2.214
47300 2.23
47400 2.212
47500 2.23
47600 2.226
47700 2.242
47800 2.241
47900 2.281
48000 2.261
48100 2.256
48200 2.24
48300 2.29
48400 2.296
48500 2.252
48600 2.248
48700 2.306
48800 2.332
48900 2.327
49000 2.264
49100 2.302
49200 2.249
49300 2.294
49400 2.356
49500 2.369
49600 2.365
49700 2.385
49800 2.401
49900 2.376
50000 2.376
50100 2.385
50200 2.385
50300 2.409
50400 2.381
50500 2.431
50600 2.413
50700 2.512
50800 2.505
50900 2.433
51000 2.438
51100 2.462
51200 2.464
51300 2.467
51400 2.485
51500 2.497
51600 2.494
51700 2.482
51800 2.455
51900 2.464
52000 2.495
52100 2.52
52200 2.527
52300 2.542
52400 2.565
52500 2.525
52600 2.522
52700 2.567
52800 2.572
52900 2.553
53000 2.496
53100 2.569
53200 2.561
53300 2.574
53400 2.596
53500 2.635
53600 2.589
53700 2.602
53800 2.615
53900 2.613
54000 2.635
54100 2.573
54200 2.589
54300 2.63
54400 2.699
54500 2.557
54600 2.691
54700 2.712
54800 2.697
54900 2.598
55000 2.629
55100 2.655
55200 2.661
55300 2.637
55400 2.653
55500 2.648
55600 2.655
55700 2.688
55800 2.696
55900 2.73
56000 2.751
56100 2.735
56200 2.729
56300 2.672
56400 2.635
56500 2.758
56600 2.745
56700 2.773
56800 2.783
56900 2.801
57000 2.761
57100 2.765
57200 2.777
57300 2.778
57400 2.827
57500 2.67
57600 2.813
57700 2.884
57800 2.87
57900 2.841
58000 2.818
58100 2.85
58200 2.779
58300 2.823
58400 2.807
58500 2.815
58600 2.793
58700 2.821
58800 2.88
58900 2.829
59000 2.824
59100 2.823
59200 2.803
59300 2.882
59400 2.91
59500 2.811
59600 2.85
59700 2.845
59800 2.89
59900 2.91
60000 2.843
60100 2.889
60200 2.879
60300 2.913
60400 2.901
60500 2.883
60600 2.89
60700 2.87
60800 2.864
60900 2.895
61000 2.871
61100 2.924
61200 2.96
61300 2.974
61400 2.955
61500 2.893
61600 2.903
61700 2.939
61800 2.953
61900 2.932
62000 2.976
62100 2.966
62200 2.915
62300 2.96
62400 2.891
62500 2.934
62600 2.956
62700 2.977
62800 3.037
62900 2.98
63000 2.987
63100 2.938
63200 2.968
63300 2.993
63400 2.998
63500 2.946
63600 2.978
63700 2.926
63800 3.011
63900 2.946
64000 2.961
64100 2.997
64200 3.01
64300 3.015
64400 2.938
64500 2.991
64600 3.012
64700 3.032
64800 2.985
64900 3.016
65000 3.045
65100 3.06
65200 3.029
65300 3.022
65400 3.036
65500 3.069
65600 3.056
65700 3.069
65800 3.089
65900 3.088
66000 3.161
66100 3.125
66200 3.073
66300 3.112
66400 3.188
66500 3.179
66600 3.164
66700 3.154
66800 3.115
66900 3.163
67000 3.131
67100 3.193
67200 3.181
67300 3.187
67400 3.196
67500 3.229
67600 3.172
67700 3.217
67800 3.238
67900 3.238
68000 3.274
68100 3.235
68200 3.24
68300 3.262
68400 3.267
68500 3.306
68600 3.245
68700 3.311
68800 3.291
68900 3.309
69000 3.237
69100 3.286
69200 3.324
69300 3.356
69400 3.374
69500 3.317
69600 3.339
69700 3.347
69800 3.336
69900 3.351
70000 3.325
70100 3.361
70200 3.355
70300 3.38
70400 3.333
70500 3.389
70600 3.402
70700 3.437
70800 3.434
70900 3.444
71000 3.423
71100 3.364
71200 3.437
71300 3.442
71400 3.463
71500 3.409
71600 3.424
71700 3.447
71800 3.414
71900 3.478
72000 3.488
72100 3.487
72200 3.458
72300 3.418
72400 3.494
72500 3.507
72600 3.461
72700 3.552
72800 3.541
72900 3.544
73000 3.456
73100 3.504
73200 3.554
73300 3.518
73400 3.502
73500 3.502
73600 3.532
73700 3.518
73800 3.529
73900 3.576
74000 3.577
74100 3.573
74200 3.578
74300 3.563
74400 3.54
74500 3.511
74600 3.537
74700 3.564
74800 3.615
74900 3.547
75000 3.647
75100 3.654
75200 3.673
75300 3.663
75400 3.566
75500 3.642
75600 3.727
75700 3.686
75800 3.58
75900 3.592
76000 3.591
76100 3.721
76200 3.739
76300 3.728
76400 3.715
76500 3.689
76600 3.774
76700 3.728
76800 3.743
76900 3.687
77000 3.717
77100 3.752
77200 3.801
77300 3.765
77400 3.733
77500 3.805
77600 3.834
77700 3.762
77800 3.77
77900 3.872
78000 3.86
78100 3.812
78200 3.854
78300 3.908
78400 3.878
78500 3.835
78600 3.96
78700 3.97
78800 3.969
78900 3.965
79000 3.859
79100 3.865
79200 3.939
79300 3.957
79400 3.933
79500 3.831
79600 3.941
79700 3.943
79800 3.991
79900 3.998
80000 4.012
80100 3.826
80200 3.911
80300 3.938
80400 4.016
80500 4.001
80600 3.953
80700 3.891
80800 3.906
80900 3.947
81000 3.947
81100 3.973
81200 3.952
81300 3.997
81400 3.943
81500 4.005
81600 4.002
81700 3.954
81800 3.956
81900 3.948
82000 4.018
82100 3.869
82200 3.974
82300 4.019
82400 3.98
82500 3.991
82600 3.993
82700 4.042
82800 3.991
82900 3.973
83000 3.937
83100 3.961
83200 3.966
83300 4.017
83400 4.107
83500 3.994
83600 4.013
83700 4.054
83800 4.098
83900 4.121
84000 4.134
84100 3.986
84200 4.091
84300 4.035
84400 4.095
84500 4.033
84600 4.046
84700 4.085
84800 4.088
84900 4.095
85000 4.147
85100 4.165
85200 4.137
85300 4.07
85400 4.128
85500 4.084
85600 4.087
85700 4.082
85800 4.072
85900 4.092
86000 4.475
86100 4.188
86200 4.157
86300 4.183
86400 4.098
86500 4.182
86600 4.146
86700 4.178
86800 4.201
86900 4.204
87000 4.145
87100 4.154
87200 4.131
87300 4.255
87400 4.251
87500 4.177
87600 4.253
87700 4.148
87800 4.235
87900 4.224
88000 4.283
88100 4.241
88200 4.266
88300 4.245
88400 4.254
88500 4.263
88600 4.324
88700 4.304
88800 4.246
88900 4.263
89000 4.283
89100 4.38
89200 4.303
89300 4.398
89400 4.373
89500 4.33
89600 4.384
89700 4.343
89800 4.343
89900 4.352
90000 4.371
90100 4.412
90200 4.319
90300 4.367
90400 4.355
90500 4.347
90600 4.411
90700 4.459
90800 4.449
90900 4.445
91000 4.442
91100 4.506
91200 4.348
91300 4.429
91400 4.492
91500 4.438
91600 4.511
91700 4.525
91800 4.481
91900 4.461
92000 4.5
92100 4.477
92200 4.462
92300 4.511
92400 4.403
92500 4.459
92600 4.454
92700 4.452
92800 4.444
92900 4.529
93000 4.548
93100 4.501
93200 4.478
93300 4.539
93400 4.422
93500 4.494
93600 4.408
93700 4.467
93800 4.47
93900 4.439
94000 4.525
94100 4.513
94200 4.518
94300 4.399
94400 4.518
94500 4.622
94600 4.433
94700 4.489
94800 4.506
94900 4.478
95000 4.479
95100 4.669
95200 4.677
95300 4.569
95400 4.666
95500 4.58
95600 4.535
95700 4.672
95800 4.693
95900 4.719
96000 4.637
96100 4.643
96200 4.599
96300 4.646
96400 4.595
96500 4.558
96600 4.614
96700 4.625
96800 4.595
96900 4.594
97000 4.539
97100 4.654
97200 4.785
97300 4.679
97400 4.695
97500 4.745
97600 4.786
97700 4.742
97800 4.788
97900 4.757
98000 4.673
98100 4.683
98200 4.648
98300 4.748
98400 4.635
98500 4.712
98600 4.692
98700 4.693
98800 4.758
98900 4.683
99000 4.739
99100 4.698
99200 4.852
99300 4.736
99400 4.843
99500 4.862
99600 4.925
99700 4.922
99800 4.745
99900 4.888
100000 4.839
