600 0.017
700 0.011
800 0.015
900 0.031
1000 0.035
1100 0.045
1200 0.028
1300 0.048
1400 0.053
1500 0.058
1600 0.061
1700 0.064
1800 0.069
1900 0.074
2000 0.074
2100 0.08
2200 0.083
2300 0.083
2400 0.084
2500 0.091
2600 0.083
2700 0.088
2800 0.094
2900 0.087
3000 0.102
3100 0.092
3200 0.097
3300 0.1
3400 0.1
3500 0.109
3600 0.105
3700 0.106
3800 0.108
3900 0.107
4000 0.112
4100 0.117
4200 0.116
4300 0.119
4400 0.126
4500 0.14
4600 0.137
4700 0.117
4800 0.134
4900 0.147
5000 0.148
5100 0.15
5200 0.154
5300 0.155
5400 0.162
5500 0.164
5600 0.162
5700 0.163
5800 0.173
5900 0.182
6000 0.179
6100 0.179
6200 0.181
6300 0.185
6400 0.202
6500 0.194
6600 0.197
6700 0.209
6800 0.203
6900 0.218
7000 0.219
7100 0.217
7200 0.232
7300 0.233
7400 0.235
7500 0.249
7600 0.311
7700 0.24
7800 0.242
7900 0.251
8000 0.245
8100 0.255
8200 0.252
8300 0.254
8400 0.24
8500 0.247
8600 0.237
8700 0.263
8800 0.253
8900 0.253
9000 0.251
9100 0.262
9200 0.26
9300 0.269
9400 0.263
9500 0.277
9600 0.268
9700 0.284
9800 0.282
9900 0.281
10000 0.28
10100 0.3
10200 0.297
10300 0.294
10400 0.303
10500 0.321
10600 0.298
10700 0.322
10800 0.315
10900 0.313
11000 0.327
11100 0.317
11200 0.326
11300 0.322
11400 0.338
11500 0.357
11600 0.335
11700 0.344
11800 0.348
11900 0.35
12000 0.37
12100 0.355
12200 0.36
12300 0.38
12400 0.384
12500 0.366
12600 0.392
12700 0.387
12800 0.374
12900 0.379
13000 0.385
13100 0.391
13200 0.396
13300 0.408
13400 0.402
13500 0.415
13600 0.409
13700 0.414
13800 0.419
13900 0.424
14000 0.435
14100 0.425
14200 0.43
14300 0.429
14400 0.435
14500 0.433
14600 0.436
14700 0.455
14800 0.453
14900 0.45
15000 0.458
15100 0.445
15200 0.472
15300 0.47
15400 0.482
15500 0.48
15600 0.477
15700 0.483
15800 0.486
15900 0.494
16000 0.483
16100 0.496
16200 0.489
16300 0.502
16400 0.499
16500 0.504
16600 0.518
16700 0.508
16800 0.512
16900 0.535
17000 0.514
17100 0.534
17200 0.522
17300 0.545
17400 0.555
17500 0.553
17600 0.528
17700 0.545
17800 0.544
17900 0.538
18000 0.544
18100 0.549
18200 0.557
18300 0.567
18400 0.567
18500 0.563
18600 0.585
18700 0.571
18800 0.581
18900 0.593
19000 0.583
19100 0.599
19200 0.597
19300 0.611
19400 0.607
19500 0.6
19600 0.595
19700 0.626
19800 0.626
19900 0.639
20000 0.645
20100 0.644
20200 0.631
20300 0.646
20400 0.662
20500 0.659
20600 0.637
20700 0.64
20800 0.674
20900 0.652
21000 0.647
21100 0.681
21200 0.672
21300 0.67
21400 0.675
21500 0.694
21600 0.689
21700 0.694
21800 0.697
21900 0.694
22000 0.715
22100 0.693
22200 0.701
22300 0.72
22400 0.729
22500 0.72
22600 0.73
22700 0.731
22800 0.73
22900 0.718
23000 0.732
23100 0.74
23200 0.757
23300 0.747
23400 0.749
23500 0.746
23600 0.781
23700 0.776
23800 0.767
23900 0.759
24000 0.792
24100 0.787
24200 0.785
24300 0.785
24400 0.767
24500 0.791
24600 0.774
24700 0.818
24800 0.806
24900 0.777
25000 0.825
25100 0.783
25200 0.806
25300 0.77
25400 0.8
25500 0.795
25600 0.827
25700 0.798
25800 0.805
25900 0.818
26000 0.816
26100 0.816
26200 0.842
26300 0.815
26400 0.841
26500 0.832
26600 0.841
26700 0.837
26800 0.878
26900 0.855
27000 0.868
27100 0.859
27200 0.88
27300 0.886
27400 0.85
27500 0.898
27600 0.878
27700 0.879
27800 0.868
27900 0.894
28000 0.887
28100 0.872
28200 0.905
28300 0.897
28400 0.901
28500 0.901
28600 0.913
28700 0.93
28800 0.908
28900 0.92
29000 0.925
29100 0.927
29200 0.953
29300 0.944
29400 0.936
29500 0.97
29600 0.955
29700 0.964
29800 0.972
29900 0.983
30000 0.956
30100 0.967
30200 0.991
30300 1.002
30400 0.976
30500 0.971
30600 0.993
30700 0.979
30800 0.987
30900 0.992
31000 0.978
31100 1.0
31200 0.992
31300 0.988
31400 1.006
31500 1.015
31600 1.039
31700 1.034
31800 1.002
31900 1.011
32000 1.013
32100 1.045
32200 1.035
32300 1.026
32400 1.038
32500 1.051
32600 1.064
32700 1.063
32800 1.08
32900 1.054
33000 1.055
33100 1.076
33200 1.078
33300 1.08
33400 1.115
33500 1.098
33600 1.111
33700 1.085
33800 1.08
33900 1.093
34000 1.119
34100 1.083
34200 1.13
34300 1.082
34400 1.123
34500 1.125
34600 1.129
34700 1.137
34800 1.116
34900 1.16
35000 1.141
35100 1.137
35200 1.144
35300 1.151
35400 1.158
35500 1.168
35600 1.135
35700 1.152
35800 1.153
35900 1.184
36000 1.196
36100 1.178
36200 1.169
36300 1.177
36400 1.199
36500 1.22
36600 1.19
36700 1.169
36800 1.18
36900 1.217
37000 1.23
37100 1.216
37200 1.204
37300 1.233
37400 1.214
37500 1.241
37600 1.228
37700 1.274
37800 1.224
37900 1.245
38000 1.253
38100 1.218
38200 1.283
38300 1.244
38400 1.253
38500 1.237
38600 1.236
38700 1.274
38800 1.265
38900 1.295
39000 1.26
39100 1.312
39200 1.289
39300 1.297
39400 1.27
39500 1.307
39600 1.282
39700 1.329
39800 1.306
39900 1.302
40000 1.339
40100 1.296
40200 1.305
40300 1.332
40400 1.315
40500 1.347
40600 1.351
40700 1.326
40800 1.332
40900 1.352
41000 1.35
41100 1.354
41200 1.353
41300 1.343
41400 1.352
41500 1.35
41600 1.381
41700 1.381
41800 1.405
41900 1.393
42000 1.392
42100 1.374
42200 1.401
42300 1.431
42400 1.415
42500 1.412
42600 1.39
42700 1.414
42800 1.443
42900 1.412
43000 1.405
43100 1.44
43200 1.428
43300 1.41
43400 1.399
43500 1.461
43600 1.404
43700 1.441
43800 1.44
43900 1.457
44000 1.461
44100 1.463
44200 1.455
44300 1.479
44400 1.483
44500 1.497
44600 1.491
44700 1.477
44800 1.465
44900 1.435
45000 1.491
45100 1.493
45200 1.512
45300 1.512
45400 1.513
45500 1.53
45600 1.484
45700 1.499
45800 1.504
45900 1.518
46000 1.532
46100 1.549
46200 1.542
46300 1.566
46400 1.538
46500 1.538
46600 1.565
46700 1.541
46800 1.561
46900 1.542
47000 1.538
47100 1.548
47200 1.573
47300 1.544
47400 1.565
47500 1.6
47600 1.577
47700 1.572
47800 1.598
47900 1.583
48000 1.595
48100 1.589
48200 1.603
48300 1.624
48400 1.629
48500 1.606
48600 1.611
48700 1.584
48800 1.617
48900 1.646
49000 1.637
49100 1.644
49200 1.617
49300 1.633
49400 1.639
49500 1.658
49600 1.632
49700 1.639
49800 1.659
49900 1.685
50000 1.68
50100 1.643
50200 1.671
50300 1.653
50400 1.659
50500 1.67
50600 1.675
50700 1.637
50800 1.695
50900 1.689
51000 1.676
51100 1.693
51200 1.722
51300 1.719
51400 1.715
51500 1.702
51600 1.706
51700 1.699
51800 1.744
51900 1.754
52000 1.749
52100 1.744
52200 1.732
52300 1.728
52400 1.759
52500 1.777
52600 1.751
52700 1.746
52800 1.749
52900 1.774
53000 1.844
53100 1.729
53200 1.758
53300 1.772
53400 1.736
53500 1.758
53600 1.755
53700 1.839
53800 1.771
53900 1.806
54000 1.811
54100 1.801
54200 1.827
54300 1.788
54400 1.805
54500 1.799
54600 1.793
54700 1.885
54800 1.819
54900 1.832
55000 1.834
55100 1.82
55200 1.843
55300 1.892
55400 1.849
55500 1.876
55600 1.857
55700 1.836
55800 1.87
55900 1.919
56000 1.875
56100 1.878
56200 1.825
56300 1.888
56400 1.911
56500 1.922
56600 1.893
56700 1.882
56800 1.91
56900 1.858
57000 1.892
57100 1.933
57200 1.922
57300 1.925
57400 1.946
57500 1.941
57600 1.916
57700 1.953
57800 1.951
57900 1.922
58000 1.902
58100 1.909
58200 1.937
58300 1.995
58400 1.96
58500 1.947
58600 1.926
58700 1.911
58800 1.951
58900 1.987
59000 1.963
59100 1.979
59200 1.948
59300 1.968
59400 1.972
59500 2.031
59600 1.961
59700 1.99
59800 1.987
59900 2.038
60000 1.979
60100 2.019
60200 2.043
60300 2.004
60400 2.004
60500 2.01
60600 2.061
60700 2.057
60800 2.025
60900 2.038
61000 2.014
61100 2.072
61200 2.014
61300 2.029
61400 2.074
61500 2.086
61600 2.056
61700 2.108
61800 2.223
61900 2.138
62000 2.186
62100 2.072
62200 2.15
62300 2.087
62400 2.086
62500 2.115
62600 2.089
62700 2.126
62800 2.114
62900 2.132
63000 2.097
63100 2.118
63200 2.109
63300 2.166
63400 2.088
63500 2.121
63600 2.13
63700 2.181
63800 2.135
63900 2.137
64000 2.126
64100 2.205
64200 2.212
64300 2.189
64400 2.209
64500 2.204
64600 2.225
64700 2.167
64800 2.141
64900 2.163
65000 2.215
65100 2.188
65200 2.212
65300 2.209
65400 2.219
65500 2.181
65600 2.277
65700 2.284
65800 2.25
65900 2.305
66000 2.349
66100 2.24
66200 2.286
66300 2.262
66400 2.303
66500 2.367
66600 2.341
66700 2.289
66800 2.283
66900 2.293
67000 2.326
67100 2.358
67200 2.337
67300 2.28
67400 2.319
67500 2.316
67600 2.357
67700 2.328
67800 2.377
67900 2.376
68000 2.371
68100 2.394
68200 2.402
68300 2.432
68400 2.334
68500 2.351
68600 2.347
68700 2.364
68800 2.385
68900 2.431
69000 2.404
69100 2.431
69200 2.399
69300 2.35
69400 2.349
69500 2.413
69600 2.402
69700 2.423
69800 2.435
69900 2.375
70000 2.386
70100 2.398
70200 2.481
70300 2.491
70400 2.416
70500 2.472
70600 2.51
70700 2.478
70800 2.433
70900 2.422
71000 2.458
71100 2.492
71200 2.507
71300 2.437
71400 2.424
71500 2.474
71600 2.442
71700 2.437
71800 2.424
71900 2.43
72000 2.5
72100 2.445
72200 2.458
72300 2.427
72400 2.472
72500 2.449
72600 2.468
72700 2.454
72800 2.492
72900 2.492
73000 2.575
73100 2.517
73200 2.419
73300 2.533
73400 2.425
73500 2.504
73600 2.519
73700 2.487
73800 2.528
73900 2.573
74000 2.544
74100 2.526
74200 2.52
74300 2.509
74400 2.541
74500 2.566
74600 2.47
74700 2.536
74800 2.513
74900 2.497
75000 2.537
75100 2.532
75200 2.587
75300 2.569
75400 2.567
75500 2.525
75600 2.561
75700 2.596
75800 2.594
75900 2.552
76000 2.58
76100 2.592
76200 2.596
76300 2.642
76400 2.589
76500 2.688
76600 2.575
76700 2.594
76800 2.642
76900 2.553
77000 2.609
77100 2.653
77200 2.668
77300 2.627
77400 2.624
77500 2.623
77600 2.6
77700 2.67
77800 2.67
77900 2.625
78000 2.65
78100 2.713
78200 2.633
78300 2.623
78400 2.749
78500 2.681
78600 2.615
78700 2.68
78800 2.67
78900 2.659
79000 2.635
79100 2.656
79200 2.668
79300 2.688
79400 2.696
79500 2.727
79600 2.73
79700 2.708
79800 2.64
79900 2.699
80000 2.709
80100 2.688
80200 2.737
80300 2.712
80400 2.656
80500 2.714
80600 2.719
80700 2.723
80800 2.688
80900 2.685
81000 2.734
81100 2.835
81200 2.777
81300 2.731
81400 2.776
81500 2.777
81600 2.819
81700 2.758
81800 2.812
81900 2.719
82000 2.8
82100 2.774
82200 2.798
82300 2.812
82400 2.787
82500 2.802
82600 2.853
82700 2.888
82800 2.851
82900 2.794
83000 2.815
83100 2.802
83200 2.85
83300 2.89
83400 2.81
83500 2.836
83600 2.854
83700 2.84
83800 2.824
83900 2.857
84000 2.858
84100 2.917
84200 2.917
84300 2.793
84400 2.886
84500 2.892
84600 2.865
84700 2.942
84800 2.865
84900 2.893
85000 2.943
85100 2.961
85200 2.931
85300 2.961
85400 2.87
85500 2.864
85600 2.987
85700 2.956
85800 2.968
85900 2.972
86000 2.982
86100 2.899
86200 2.932
86300 2.989
86400 2.948
86500 2.949
86600 2.939
86700 3.003
86800 2.969
86900 2.914
87000 3.015
87100 2.901
87200 2.974
87300 2.993
87400 3.023
87500 3.063
87600 3.078
87700 3.029
87800 3.026
87900 2.899
88000 3.016
88100 3.073
88200 3.077
88300 3.033
88400 2.983
88500 3.079
88600 3.095
88700 3.023
88800 3.073
88900 2.998
89000 3.019
89100 3.065
89200 3.017
89300 3.135
89400 3.083
89500 2.984
89600 3.027
89700 3.044
89800 3.117
89900 3.306
90000 3.369
90100 3.152
90200 3.182
90300 3.118
90400 3.226
90500 3.051
90600 3.13
90700 3.202
90800 3.125
90900 3.097
91000 3.089
91100 3.104
91200 3.116
91300 3.164
91400 3.07
91500 3.184
91600 3.131
91700 3.132
91800 3.191
91900 3.14
92000 3.178
92100 3.112
92200 3.211
92300 3.147
92400 3.161
92500 3.158
92600 3.184
92700 3.228
92800 3.214
92900 3.178
93000 3.105
93100 3.139
93200 3.133
93300 3.234
93400 3.24
93500 3.218
93600 3.235
93700 3.112
93800 3.252
93900 3.157
94000 3.252
94100 3.189
94200 3.233
94300 3.214
94400 3.27
94500 3.253
94600 3.219
94700 3.267
94800 3.276
94900 3.266
95000 3.166
95100 3.282
95200 3.243
95300 3.255
95400 3.237
95500 3.242
95600 3.28
95700 3.217
95800 3.34
95900 3.256
96000 3.351
96100 3.269
96200 3.388
96300 3.297
96400 3.327
96500 3.333
96600 3.32
96700 3.377
96800 3.284
96900 3.369
97000 3.299
97100 3.283
97200 3.378
97300 3.326
97400 3.361
97500 3.363
97600 3.28
97700 3.263
97800 3.386
97900 3.331
98000 3.382
98100 3.358
98200 3.389
98300 3.32
98400 3.358
98500 3.407
98600 3.412
98700 3.326
98800 3.392
98900 3.383
99000 3.412
99100 3.444
99200 3.396
99300 3.457
99400 3.456
99500 3.308
99600 3.373
99700 3.463
99800 3.419
99900 3.359
100000 3.388
