600 0.011
700 0.007
800 0.007
900 0.017
1000 0.02
1100 0.021
1200 0.013
1300 0.023
1400 0.024
1500 0.026
1600 0.027
1700 0.028
1800 0.028
1900 0.03
2000 0.029
2100 0.03
2200 0.032
2300 0.031
2400 0.032
2500 0.034
2600 0.033
2700 0.036
2800 0.034
2900 0.036
3000 0.036
3100 0.033
3200 0.036
3300 0.035
3400 0.034
3500 0.038
3600 0.037
3700 0.036
3800 0.038
3900 0.039
4000 0.041
4100 0.04
4200 0.04
4300 0.04
4400 0.042
4500 0.047
4600 0.058
4700 0.042
4800 0.049
4900 0.055
5000 0.052
5100 0.054
5200 0.063
5300 0.054
5400 0.054
5500 0.057
5600 0.057
5700 0.059
5800 0.061
5900 0.064
6000 0.062
6100 0.061
6200 0.06
6300 0.064
6400 0.068
6500 0.067
6600 0.068
6700 0.069
6800 0.07
6900 0.073
7000 0.073
7100 0.078
7200 0.081
7300 0.076
7400 0.083
7500 0.098
7600 0.122
7700 0.08
7800 0.083
7900 0.081
8000 0.082
8100 0.087
8200 0.087
8300 0.087
8400 0.075
8500 0.086
8600 0.081
8700 0.09
8800 0.085
8900 0.088
9000 0.084
9100 0.085
9200 0.082
9300 0.084
9400 0.088
9500 0.089
9600 0.089
9700 0.09
9800 0.089
9900 0.094
10000 0.091
10100 0.097
10200 0.097
10300 0.095
10400 0.096
10500 0.1
10600 0.098
10700 0.1
10800 0.1
10900 0.105
11000 0.112
11100 0.111
11200 0.112
11300 0.107
11400 0.108
11500 0.117
11600 0.111
11700 0.117
11800 0.121
11900 0.112
12000 0.119
12100 0.118
12200 0.116
12300 0.12
12400 0.123
12500 0.12
12600 0.126
12700 0.117
12800 0.12
12900 0.126
13000 0.13
13100 0.127
13200 0.129
13300 0.129
13400 0.141
13500 0.135
13600 0.132
13700 0.128
13800 0.136
13900 0.131
14000 0.134
14100 0.135
14200 0.148
14300 0.139
14400 0.143
14500 0.142
14600 0.139
14700 0.153
14800 0.149
14900 0.139
15000 0.146
15100 0.144
15200 0.142
15300 0.15
15400 0.159
15500 0.152
15600 0.152
15700 0.152
15800 0.149
15900 0.17
16000 0.154
16100 0.158
16200 0.162
16300 0.172
16400 0.165
16500 0.158
16600 0.159
16700 0.165
16800 0.161
16900 0.171
17000 0.171
17100 0.163
17200 0.166
17300 0.168
17400 0.166
17500 0.164
17600 0.164
17700 0.169
17800 0.176
17900 0.175
18000 0.172
18100 0.173
18200 0.178
18300 0.179
18400 0.177
18500 0.181
18600 0.176
18700 0.186
18800 0.186
18900 0.187
19000 0.185
19100 0.183
19200 0.197
19300 0.191
19400 0.186
19500 0.185
19600 0.192
19700 0.195
19800 0.191
19900 0.196
20000 0.19
20100 0.193
20200 0.204
20300 0.203
20400 0.195
20500 0.207
20600 0.209
20700 0.195
20800 0.202
20900 0.201
21000 0.197
21100 0.205
21200 0.204
21300 0.204
21400 0.215
21500 0.211
21600 0.21
21700 0.216
21800 0.21
21900 0.213
22000 0.218
22100 0.21
22200 0.224
22300 0.209
22400 0.221
22500 0.215
22600 0.22
22700 0.219
22800 0.222
22900 0.224
23000 0.224
23100 0.241
23200 0.225
23300 0.227
23400 0.225
23500 0.236
23600 0.228
23700 0.236
23800 0.241
23900 0.248
24000 0.247
24100 0.247
24200 0.245
24300 0.239
24400 0.246
24500 0.238
24600 0.242
24700 0.247
24800 0.248
24900 0.242
25000 0.247
25100 0.25
25200 0.25
25300 0.25
25400 0.249
25500 0.265
25600 0.253
25700 0.251
25800 0.272
25900 0.252
26000 0.258
26100 0.27
26200 0.253
26300 0.267
26400 0.254
26500 0.273
26600 0.272
26700 0.271
26800 0.262
26900 0.274
27000 0.279
27100 0.278
27200 0.275
27300 0.276
27400 0.278
27500 0.279
27600 0.293
27700 0.28
27800 0.295
27900 0.291
28000 0.274
28100 0.296
28200 0.302
28300 0.292
28400 0.301
28500 0.29
28600 0.285
28700 0.282
28800 0.301
28900 0.301
29000 0.292
29100 0.293
29200 0.29
29300 0.302
29400 0.297
29500 0.298
29600 0.296
29700 0.31
29800 0.3
29900 0.302
30000 0.32
30100 0.332
30200 0.316
30300 0.31
30400 0.322
30500 0.314
30600 0.322
30700 0.333
30800 0.305
30900 0.314
31000 0.327
31100 0.336
31200 0.33
31300 0.326
31400 0.317
31500 0.342
31600 0.317
31700 0.312
31800 0.324
31900 0.32
32000 0.321
32100 0.317
32200 0.348
32300 0.345
32400 0.333
32500 0.341
32600 0.33
32700 0.336
32800 0.34
32900 0.345
33000 0.347
33100 0.328
33200 0.352
33300 0.333
33400 0.345
33500 0.343
33600 0.337
33700 0.352
33800 0.343
33900 0.345
34000 0.348
34100 0.34
34200 0.352
34300 0.349
34400 0.354
34500 0.364
34600 0.354
34700 0.36
34800 0.347
34900 0.354
35000 0.367
35100 0.368
35200 0.352
35300 0.357
35400 0.377
35500 0.358
35600 0.359
35700 0.366
35800 0.365
35900 0.37
36000 0.374
36100 0.374
36200 0.369
36300 0.392
36400 0.378
36500 0.364
36600 0.38
36700 0.367
36800 0.386
36900 0.384
37000 0.379
37100 0.386
37200 0.376
37300 0.382
37400 0.381
37500 0.4
37600 0.386
37700 0.381
37800 0.388
37900 0.399
38000 0.384
38100 0.379
38200 0.385
38300 0.387
38400 0.394
38500 0.407
38600 0.384
38700 0.398
38800 0.407
38900 0.393
39000 0.394
39100 0.392
39200 0.406
39300 0.4
39400 0.414
39500 0.394
39600 0.409
39700 0.405
39800 0.4
39900 0.402
40000 0.402
40100 0.408
40200 0.416
40300 0.402
40400 0.419
40500 0.417
40600 0.416
40700 0.426
40800 0.427
40900 0.414
41000 0.413
41100 0.425
41200 0.43
41300 0.412
41400 0.425
41500 0.433
41600 0.427
41700 0.432
41800 0.435
41900 0.431
42000 0.448
42100 0.474
42200 0.449
42300 0.426
42400 0.426
42500 0.438
42600 0.449
42700 0.473
42800 0.459
42900 0.437
43000 0.434
43100 0.446
43200 0.446
43300 0.443
43400 0.458
43500 0.452
43600 0.444
43700 0.463
43800 0.444
43900 0.446
44000 0.46
44100 0.468
44200 0.463
44300 0.459
44400 0.468
44500 0.445
44600 0.459
44700 0.46
44800 0.455
44900 0.461
45000 0.474
45100 0.461
45200 0.47
45300 0.456
45400 0.467
45500 0.463
45600 0.457
45700 0.486
45800 0.474
45900 0.474
46000 0.483
46100 0.464
46200 0.485
46300 0.495
46400 0.505
46500 0.498
46600 0.491
46700 0.496
46800 0.492
46900 0.495
47000 0.501
47100 0.476
47200 0.487
47300 0.495
47400 0.512
47500 0.5
47600 0.504
47700 0.51
47800 0.506
47900 0.476
48000 0.509
48100 0.518
48200 0.505
48300 0.517
48400 0.502
48500 0.511
48600 0.502
48700 0.513
48800 0.51
48900 0.519
49000 0.525
49100 0.513
49200 0.519
49300 0.519
49400 0.52
49500 0.517
49600 0.53
49700 0.54
49800 0.528
49900 0.536
50000 0.537
50100 0.524
50200 0.534
50300 0.522
50400 0.516
50500 0.532
50600 0.548
50700 0.538
50800 0.528
50900 0.538
51000 0.556
51100 0.553
51200 0.547
51300 0.543
51400 0.551
51500 0.543
51600 0.538
51700 0.555
51800 0.553
51900 0.537
52000 0.542
52100 0.554
52200 0.545
52300 0.559
52400 0.567
52500 0.568
52600 0.559
52700 0.57
52800 0.558
52900 0.549
53000 0.57
53100 0.543
53200 0.562
53300 0.563
53400 0.591
53500 0.56
53600 0.577
53700 0.562
53800 0.581
53900 0.565
54000 0.571
54100 0.585
54200 0.575
54300 0.572
54400 0.594
54500 0.568
54600 0.591
54700 0.574
54800 0.574
54900 0.599
55000 0.584
55100 0.575
55200 0.598
55300 0.572
55400 0.59
55500 0.596
55600 0.596
55700 0.588
55800 0.608
55900 0.606
56000 0.602
56100 0.582
56200 0.595
56300 0.609
56400 0.595
56500 0.603
56600 0.592
56700 0.608
56800 0.609
56900 0.597
57000 0.632
57100 0.605
57200 0.638
57300 0.601
57400 0.616
57500 0.609
57600 0.632
57700 0.626
57800 0.642
57900 0.618
58000 0.596
58100 0.61
58200 0.607
58300 0.606
58400 0.62
58500 0.607
58600 0.619
58700 0.622
58800 0.636
58900 0.621
59000 0.631
59100 0.643
59200 0.617
59300 0.62
59400 0.613
59500 0.638
59600 0.64
59700 0.627
59800 0.65
59900 0.642
60000 0.664
60100 0.647
60200 0.646
60300 0.643
60400 0.627
60500 0.645
60600 0.648
60700 0.632
60800 0.645
60900 0.65
61000 0.643
61100 0.637
61200 0.658
61300 0.655
61400 0.674
61500 0.65
61600 0.652
61700 0.659
61800 0.667
61900 0.666
62000 0.704
62100 0.687
62200 0.675
62300 0.677
62400 0.67
62500 0.674
62600 0.669
62700 0.681
62800 0.685
62900 0.682
63000 0.679
63100 0.671
63200 0.712
63300 0.683
63400 0.669
63500 0.685
63600 0.681
63700 0.698
63800 0.683
63900 0.703
64000 0.694
64100 0.701
64200 0.678
64300 0.696
64400 0.708
64500 0.689
64600 0.713
64700 0.713
64800 0.682
64900 0.695
65000 0.701
65100 0.688
65200 0.696
65300 0.702
65400 0.708
65500 0.711
65600 0.726
65700 0.72
65800 0.725
65900 0.716
66000 0.725
66100 0.701
66200 0.712
66300 0.708
66400 0.712
66500 0.734
66600 0.735
66700 0.712
66800 0.713
66900 0.719
67000 0.729
67100 0.745
67200 0.732
67300 0.717
67400 0.732
67500 0.729
67600 0.739
67700 0.725
67800 0.728
67900 0.741
68000 0.74
68100 0.751
68200 0.757
68300 0.768
68400 0.728
68500 0.752
68600 0.755
68700 0.747
68800 0.777
68900 0.774
69000 0.738
69100 0.754
69200 0.746
69300 0.743
69400 0.718
69500 0.753
69600 0.756
69700 0.735
69800 0.752
69900 0.745
70000 0.747
70100 0.76
70200 0.801
70300 0.771
70400 0.745
70500 0.772
70600 0.768
70700 0.758
70800 0.739
70900 0.75
71000 0.788
71100 0.823
71200 0.805
71300 0.772
71400 0.78
71500 0.775
71600 0.765
71700 0.775
71800 0.798
71900 0.793
72000 0.799
72100 0.787
72200 0.813
72300 0.784
72400 0.824
72500 0.812
72600 0.815
72700 0.776
72800 0.842
72900 0.822
73000 0.808
73100 0.82
73200 0.797
73300 0.819
73400 0.827
73500 0.837
73600 0.8
73700 0.835
73800 0.819
73900 0.799
74000 0.829
74100 0.811
74200 0.822
74300 0.809
74400 0.806
74500 0.854
74600 0.819
74700 0.823
74800 0.83
74900 0.829
75000 0.822
75100 0.843
75200 0.823
75300 0.835
75400 0.841
75500 0.831
75600 0.808
75700 0.824
75800 0.825
75900 0.818
76000 0.818
76100 0.845
76200 0.866
76300 0.856
76400 0.827
76500 0.827
76600 0.856
76700 0.826
76800 0.815
76900 0.844
77000 0.85
77100 0.879
77200 0.833
77300 0.854
77400 0.869
77500 0.82
77600 0.841
77700 0.864
77800 0.875
77900 0.817
78000 0.838
78100 0.844
78200 0.883
78300 0.836
78400 0.859
78500 0.869
78600 0.845
78700 0.88
78800 0.866
78900 0.869
79000 0.881
79100 0.85
79200 0.872
79300 0.845
79400 0.89
79500 0.881
79600 0.864
79700 0.901
79800 0.874
79900 0.877
80000 0.925
80100 0.872
80200 0.888
80300 0.879
80400 0.868
80500 0.909
80600 0.888
80700 0.892
80800 0.913
80900 0.877
81000 0.889
81100 0.89
81200 0.898
81300 0.906
81400 0.93
81500 0.897
81600 0.931
81700 0.886
81800 0.927
81900 0.88
82000 0.888
82100 0.879
82200 0.889
82300 0.955
82400 0.888
82500 0.898
82600 0.86
82700 0.887
82800 0.934
82900 0.902
83000 0.924
83100 0.916
83200 0.933
83300 0.902
83400 0.872
83500 0.908
83600 0.922
83700 0.922
83800 0.927
83900 0.93
84000 0.945
84100 0.906
84200 0.926
84300 0.9
84400 0.944
84500 0.914
84600 0.907
84700 0.921
84800 0.905
84900 0.93
85000 0.943
85100 0.934
85200 0.937
85300 0.936
85400 0.927
85500 0.926
85600 0.963
85700 0.957
85800 0.997
85900 0.914
86000 0.954
86100 0.925
86200 0.944
86300 0.949
86400 0.962
86500 0.94
86600 0.94
86700 0.964
86800 0.975
86900 0.957
87000 0.933
87100 0.938
87200 0.997
87300 0.947
87400 0.945
87500 0.959
87600 0.982
87700 0.958
87800 0.978
87900 0.95
88000 0.961
88100 0.963
88200 0.989
88300 0.975
88400 0.967
88500 0.975
88600 0.964
88700 0.96
88800 0.97
88900 0.99
89000 0.969
89100 0.953
89200 0.985
89300 0.984
89400 1.019
89500 0.989
89600 0.962
89700 0.959
89800 0.998
89900 1.045
90000 1.027
90100 0.996
90200 1.013
90300 0.984
90400 1.0
90500 1.015
90600 1.005
90700 0.996
90800 1.014
90900 1.014
91000 0.984
91100 0.988
91200 0.994
91300 1.015
91400 1.01
91500 0.994
91600 1.017
91700 0.99
91800 1.002
91900 0.994
92000 0.996
92100 1.012
92200 1.0
92300 1.02
92400 1.007
92500 0.999
92600 1.001
92700 1.033
92800 1.016
92900 1.048
93000 1.028
93100 1.067
93200 1.06
93300 1.067
93400 1.049
93500 1.011
93600 1.05
93700 1.012
93800 1.029
93900 1.059
94000 1.015
94100 1.008
94200 1.05
94300 1.036
94400 1.059
94500 1.023
94600 1.064
94700 1.009
94800 1.047
94900 1.028
95000 1.035
95100 1.043
95200 1.066
95300 1.075
95400 1.062
95500 1.053
95600 1.017
95700 1.093
95800 1.111
95900 1.056
96000 1.041
96100 1.063
96200 1.075
96300 1.041
96400 1.042
96500 1.068
96600 1.065
96700 1.081
96800 1.068
96900 1.087
97000 1.08
97100 1.032
97200 1.056
97300 1.067
97400 1.081
97500 1.066
97600 1.067
97700 1.072
97800 1.084
97900 1.111
98000 1.09
98100 1.051
98200 1.081
98300 1.037
98400 1.09
98500 1.085
98600 1.078
98700 1.057
98800 1.097
98900 1.088
99000 1.089
99100 1.091
99200 1.105
99300 1.124
99400 1.103
99500 1.085
99600 1.096
99700 1.1
99800 1.096
99900 1.086
100000 1.064
