600 0.01
700 0.007
800 0.009
900 0.017
1000 0.019
1100 0.018
1200 0.012
1300 0.021
1400 0.021
1500 0.024
1600 0.022
1700 0.026
1800 0.025
1900 0.027
2000 0.027
2100 0.031
2200 0.034
2300 0.03
2400 0.032
2500 0.036
2600 0.033
2700 0.032
2800 0.032
2900 0.033
3000 0.039
3100 0.034
3200 0.036
3300 0.04
3400 0.037
3500 0.037
3600 0.038
3700 0.038
3800 0.038
3900 0.039
4000 0.04
4100 0.044
4200 0.042
4300 0.043
4400 0.056
4500 0.051
4600 0.062
4700 0.046
4800 0.052
4900 0.055
5000 0.055
5100 0.055
5200 0.062
5300 0.062
5400 0.058
5500 0.075
5600 0.064
5700 0.063
5800 0.065
5900 0.069
6000 0.065
6100 0.072
6200 0.072
6300 0.077
6400 0.084
6500 0.08
6600 0.082
6700 0.084
6800 0.084
6900 0.087
7000 0.093
7100 0.091
7200 0.096
7300 0.103
7400 0.101
7500 0.11
7600 0.114
7700 0.102
7800 0.102
7900 0.101
8000 0.101
8100 0.112
8200 0.114
8300 0.106
8400 0.098
8500 0.104
8600 0.1
8700 0.104
8800 0.104
8900 0.11
9000 0.104
9100 0.111
9200 0.105
9300 0.114
9400 0.113
9500 0.115
9600 0.115
9700 0.12
9800 0.117
9900 0.121
10000 0.114
10100 0.116
10200 0.121
10300 0.124
10400 0.128
10500 0.127
10600 0.128
10700 0.129
10800 0.132
10900 0.128
11000 0.128
11100 0.131
11200 0.128
11300 0.135
11400 0.136
11500 0.139
11600 0.14
11700 0.136
11800 0.141
11900 0.136
12000 0.14
12100 0.15
12200 0.146
12300 0.146
12400 0.152
12500 0.149
12600 0.161
12700 0.152
12800 0.153
12900 0.157
13000 0.16
13100 0.165
13200 0.154
13300 0.164
13400 0.166
13500 0.169
13600 0.163
13700 0.168
13800 0.173
13900 0.176
14000 0.178
14100 0.183
14200 0.18
14300 0.188
14400 0.176
14500 0.182
14600 0.181
14700 0.191
14800 0.178
14900 0.181
15000 0.182
15100 0.186
15200 0.195
15300 0.19
15400 0.192
15500 0.188
15600 0.19
15700 0.189
15800 0.194
15900 0.204
16000 0.204
16100 0.194
16200 0.214
16300 0.203
16400 0.199
16500 0.199
16600 0.202
16700 0.209
16800 0.203
16900 0.216
17000 0.208
17100 0.209
17200 0.22
17300 0.213
17400 0.227
17500 0.224
17600 0.219
17700 0.228
17800 0.236
17900 0.226
18000 0.238
18100 0.227
18200 0.225
18300 0.229
18400 0.23
18500 0.225
18600 0.232
18700 0.237
18800 0.24
18900 0.244
19000 0.24
19100 0.233
19200 0.237
19300 0.248
19400 0.245
19500 0.255
19600 0.265
19700 0.247
19800 0.256
19900 0.252
20000 0.249
20100 0.252
20200 0.261
20300 0.254
20400 0.256
20500 0.27
20600 0.273
20700 0.257
20800 0.258
20900 0.261
21000 0.274
21100 0.266
21200 0.267
21300 0.279
21400 0.272
21500 0.275
21600 0.27
21700 0.275
21800 0.273
21900 0.268
22000 0.284
22100 0.293
22200 0.305
22300 0.29
22400 0.29
22500 0.303
22600 0.292
22700 0.301
22800 0.282
22900 0.298
23000 0.305
23100 0.295
23200 0.298
23300 0.298
23400 0.304
23500 0.306
23600 0.294
23700 0.302
23800 0.302
23900 0.32
24000 0.311
24100 0.322
24200 0.328
24300 0.322
24400 0.321
24500 0.323
24600 0.335
24700 0.329
24800 0.321
24900 0.32
25000 0.315
25100 0.325
25200 0.335
25300 0.33
25400 0.337
25500 0.334
25600 0.33
25700 0.342
25800 0.339
25900 0.341
26000 0.331
26100 0.335
26200 0.336
26300 0.359
26400 0.356
26500 0.349
26600 0.348
26700 0.357
26800 0.344
26900 0.348
27000 0.386
27100 0.365
27200 0.358
27300 0.359
27400 0.371
27500 0.358
27600 0.367
27700 0.383
27800 0.372
27900 0.373
28000 0.37
28100 0.372
28200 0.393
28300 0.392
28400 0.395
28500 0.392
28600 0.381
28700 0.371
28800 0.376
28900 0.406
29000 0.398
29100 0.382
29200 0.379
29300 0.377
29400 0.376
29500 0.381
29600 0.383
29700 0.407
29800 0.393
29900 0.4
30000 0.432
30100 0.428
30200 0.405
30300 0.408
30400 0.404
30500 0.424
30600 0.404
30700 0.427
30800 0.415
30900 0.427
31000 0.429
31100 0.414
31200 0.423
31300 0.418
31400 0.413
31500 0.419
31600 0.432
31700 0.425
31800 0.432
31900 0.447
32000 0.426
32100 0.417
32200 0.428
32300 0.447
32400 0.425
32500 0.448
32600 0.443
32700 0.432
32800 0.426
32900 0.429
33000 0.453
33100 0.456
33200 0.461
33300 0.465
33400 0.451
33500 0.454
33600 0.454
33700 0.463
33800 0.471
33900 0.473
34000 0.458
34100 0.459
34200 0.468
34300 0.465
34400 0.47
34500 0.469
34600 0.47
34700 0.456
34800 0.463
34900 0.464
35000 0.468
35100 0.48
35200 0.481
35300 0.471
35400 0.476
35500 0.499
35600 0.502
35700 0.495
35800 0.489
35900 0.484
36000 0.48
36100 0.472
36200 0.481
36300 0.491
36400 0.502
36500 0.495
36600 0.495
36700 0.494
36800 0.519
36900 0.503
37000 0.501
37100 0.488
37200 0.489
37300 0.509
37400 0.51
37500 0.513
37600 0.515
37700 0.519
37800 0.532
37900 0.517
38000 0.515
38100 0.552
38200 0.527
38300 0.529
38400 0.536
38500 0.536
38600 0.533
38700 0.547
38800 0.553
38900 0.539
39000 0.555
39100 0.515
39200 0.528
39300 0.521
39400 0.547
39500 0.511
39600 0.575
39700 0.556
39800 0.559
39900 0.556
40000 0.554
40100 0.552
40200 0.574
40300 0.531
40400 0.559
40500 0.559
40600 0.566
40700 0.561
40800 0.573
40900 0.575
41000 0.576
41100 0.556
41200 0.552
41300 0.579
41400 0.589
41500 0.576
41600 0.569
41700 0.581
41800 0.586
41900 0.578
42000 0.586
42100 0.584
42200 0.579
42300 0.604
42400 0.594
42500 0.59
42600 0.607
42700 0.615
42800 0.602
42900 0.579
43000 0.578
43100 0.624
43200 0.595
43300 0.625
43400 0.621
43500 0.61
43600 0.599
43700 0.618
43800 0.625
43900 0.608
44000 0.605
44100 0.607
44200 0.619
44300 0.625
44400 0.623
44500 0.603
44600 0.654
44700 0.621
44800 0.627
44900 0.635
45000 0.625
45100 0.632
45200 0.635
45300 0.63
45400 0.639
45500 0.634
45600 0.65
45700 0.641
45800 0.626
45900 0.653
46000 0.634
46100 0.64
46200 0.655
46300 0.671
46400 0.672
46500 0.679
46600 0.642
46700 0.648
46800 0.651
46900 0.675
47000 0.676
47100 0.648
47200 0.686
47300 0.671
47400 0.655
47500 0.681
47600 0.681
47700 0.684
47800 0.674
47900 0.694
48000 0.684
48100 0.686
48200 0.7
48300 0.699
48400 0.692
48500 0.695
48600 0.692
48700 0.711
48800 0.728
48900 0.684
49000 0.699
49100 0.692
49200 0.68
49300 0.728
49400 0.717
49500 0.688
49600 0.708
49700 0.72
49800 0.723
49900 0.713
50000 0.706
50100 0.698
50200 0.693
50300 0.709
50400 0.718
50500 0.726
50600 0.715
50700 0.714
50800 0.705
50900 0.712
51000 0.697
51100 0.734
51200 0.743
51300 0.759
51400 0.723
51500 0.732
51600 0.744
51700 0.753
51800 0.76
51900 0.746
52000 0.758
52100 0.768
52200 0.749
52300 0.728
52400 0.772
52500 0.78
52600 0.777
52700 0.749
52800 0.741
52900 0.745
53000 0.773
53100 0.772
53200 0.802
53300 0.765
53400 0.78
53500 0.793
53600 0.775
53700 0.765
53800 0.778
53900 0.754
54000 0.755
54100 0.771
54200 0.785
54300 0.773
54400 0.798
54500 0.772
54600 0.76
54700 0.773
54800 0.827
54900 0.783
55000 0.791
55100 0.786
55200 0.8
55300 0.792
55400 0.807
55500 0.816
55600 0.807
55700 0.786
55800 0.802
55900 0.822
56000 0.817
56100 0.789
56200 0.794
56300 0.791
56400 0.8
56500 0.818
56600 0.814
56700 0.827
56800 0.814
56900 0.798
57000 0.823
57100 0.855
57200 0.84
57300 0.828
57400 0.853
57500 0.842
57600 0.839
57700 0.815
57800 0.836
57900 0.84
58000 0.813
58100 0.83
58200 0.845
58300 0.834
58400 0.859
58500 0.833
58600 0.863
58700 0.844
58800 0.88
58900 0.862
59000 0.854
59100 0.894
59200 0.838
59300 0.857
59400 0.86
59500 0.851
59600 0.861
59700 0.853
59800 0.856
59900 0.88
60000 0.856
60100 0.902
60200 0.881
60300 0.895
60400 0.855
60500 0.874
60600 0.879
60700 0.843
60800 0.877
60900 0.901
61000 0.881
61100 0.893
61200 0.881
61300 0.889
61400 0.911
61500 0.883
61600 0.893
61700 0.901
61800 0.907
61900 0.93
62000 0.959
62100 0.917
62200 0.931
62300 0.924
62400 0.944
62500 0.949
62600 0.939
62700 0.911
62800 0.914
62900 0.942
63000 0.924
63100 0.895
63200 0.937
63300 0.978
63400 0.931
63500 0.932
63600 0.915
63700 0.94
63800 0.919
63900 0.913
64000 0.936
64100 0.924
64200 0.931
64300 0.951
64400 0.983
64500 0.953
64600 0.977
64700 0.952
64800 0.943
64900 0.968
65000 0.956
65100 0.943
65200 0.994
65300 0.971
65400 0.965
65500 0.945
65600 0.966
65700 0.946
65800 0.972
65900 0.971
66000 0.971
66100 0.94
66200 0.968
66300 1.01
66400 0.997
66500 0.96
66600 0.993
66700 0.971
66800 0.993
66900 0.969
67000 1.023
67100 0.998
67200 0.987
67300 0.97
67400 0.984
67500 0.993
67600 1.011
67700 1.0
67800 1.0
67900 1.017
68000 1.015
68100 1.02
68200 1.004
68300 1.02
68400 0.994
68500 1.028
68600 1.018
68700 1.031
68800 1.039
68900 1.049
69000 1.005
69100 1.052
69200 1.035
69300 1.014
69400 1.007
69500 1.035
69600 0.998
69700 1.037
69800 1.052
69900 1.013
70000 1.053
70100 1.037
70200 1.089
70300 1.058
70400 1.054
70500 1.068
70600 1.073
70700 1.049
70800 1.015
70900 1.043
71000 1.097
71100 1.077
71200 1.067
71300 1.037
71400 1.051
71500 1.051
71600 1.053
71700 1.048
71800 1.1
71900 1.07
72000 1.095
72100 1.118
72200 1.131
72300 1.098
72400 1.103
72500 1.107
72600 1.132
72700 1.121
72800 1.107
72900 1.14
73000 1.116
73100 1.133
73200 1.091
73300 1.105
73400 1.089
73500 1.104
73600 1.115
73700 1.091
73800 1.14
73900 1.116
74000 1.112
74100 1.104
74200 1.151
74300 1.143
74400 1.138
74500 1.119
74600 1.139
74700 1.14
74800 1.123
74900 1.121
75000 1.124
75100 1.156
75200 1.125
75300 1.144
75400 1.152
75500 1.12
75600 1.123
75700 1.163
75800 1.169
75900 1.147
76000 1.135
76100 1.144
76200 1.148
76300 1.193
76400 1.164
76500 1.143
76600 1.158
76700 1.155
76800 1.152
76900 1.177
77000 1.177
77100 1.181
77200 1.157
77300 1.171
77400 1.164
77500 1.169
77600 1.171
77700 1.187
77800 1.212
77900 1.161
78000 1.184
78100 1.191
78200 1.184
78300 1.186
78400 1.198
78500 1.197
78600 1.179
78700 1.197
78800 1.25
78900 1.22
79000 1.235
79100 1.226
79200 1.169
79300 1.199
79400 1.21
79500 1.197
79600 1.199
79700 1.222
79800 1.23
79900 1.214
80000 1.199
80100 1.214
80200 1.2
80300 1.23
80400 1.21
80500 1.215
80600 1.205
80700 1.203
80800 1.229
80900 1.233
81000 1.259
81100 1.25
81200 1.279
81300 1.237
81400 1.228
81500 1.255
81600 1.252
81700 1.258
81800 1.258
81900 1.248
82000 1.249
82100 1.257
82200 1.252
82300 1.275
82400 1.228
82500 1.234
82600 1.259
82700 1.286
82800 1.279
82900 1.269
83000 1.272
83100 1.265
83200 1.26
83300 1.288
83400 1.235
83500 1.283
83600 1.288
83700 1.275
83800 1.286
83900 1.259
84000 1.262
84100 1.273
84200 1.33
84300 1.262
84400 1.305
84500 1.304
84600 1.284
84700 1.292
84800 1.284
84900 1.291
85000 1.286
85100 1.273
85200 1.323
85300 1.297
85400 1.323
85500 1.29
85600 1.292
85700 1.331
85800 1.329
85900 1.339
86000 1.316
86100 1.28
86200 1.334
86300 1.295
86400 1.338
86500 1.337
86600 1.316
86700 1.373
86800 1.332
86900 1.337
87000 1.307
87100 1.34
87200 1.325
87300 1.382
87400 1.33
87500 1.378
87600 1.356
87700 1.355
87800 1.367
87900 1.318
88000 1.349
88100 1.358
88200 1.384
88300 1.382
88400 1.367
88500 1.353
88600 1.393
88700 1.341
88800 1.384
88900 1.372
89000 1.367
89100 1.369
89200 1.396
89300 1.389
89400 1.403
89500 1.364
89600 1.381
89700 1.367
89800 1.401
89900 1.488
90000 1.455
90100 1.405
90200 1.443
90300 1.401
90400 1.411
90500 1.413
90600 1.402
90700 1.402
90800 1.387
90900 1.418
91000 1.409
91100 1.398
91200 1.408
91300 1.405
91400 1.405
91500 1.439
91600 1.441
91700 1.421
91800 1.434
91900 1.452
92000 1.401
92100 1.399
92200 1.43
92300 1.422
92400 1.438
92500 1.445
92600 1.446
92700 1.436
92800 1.44
92900 1.432
93000 1.418
93100 1.424
93200 1.438
93300 1.44
93400 1.413
93500 1.461
93600 1.488
93700 1.457
93800 1.437
93900 1.463
94000 1.434
94100 1.451
94200 1.483
94300 1.435
94400 1.467
94500 1.439
94600 1.493
94700 1.471
94800 1.473
94900 1.514
95000 1.453
95100 1.474
95200 1.457
95300 1.453
95400 1.463
95500 1.444
95600 1.467
95700 1.483
95800 1.5
95900 1.505
96000 1.509
96100 1.5
96200 1.511
96300 1.463
96400 1.512
96500 1.5
96600 1.486
96700 1.513
96800 1.527
96900 1.515
97000 1.546
97100 1.484
97200 1.51
97300 1.49
97400 1.476
97500 1.546
97600 1.539
97700 1.528
97800 1.509
97900 1.524
98000 1.502
98100 1.546
98200 1.548
98300 1.534
98400 1.526
98500 1.547
98600 1.54
98700 1.52
98800 1.52
98900 1.583
99000 1.542
99100 1.553
99200 1.579
99300 1.54
99400 1.606
99500 1.534
99600 1.554
99700 1.543
99800 1.582
99900 1.555
100000 1.549
