600 0.019
700 0.013
800 0.018
900 0.032
1000 0.036
1100 0.038
1200 0.026
1300 0.042
1400 0.041
1500 0.048
1600 0.047
1700 0.051
1800 0.053
1900 0.053
2000 0.052
2100 0.063
2200 0.065
2300 0.06
2400 0.062
2500 0.069
2600 0.063
2700 0.064
2800 0.065
2900 0.066
3000 0.074
3100 0.069
3200 0.069
3300 0.076
3400 0.07
3500 0.073
3600 0.076
3700 0.074
3800 0.076
3900 0.078
4000 0.086
4100 0.086
4200 0.083
4300 0.085
4400 0.085
4500 0.099
4600 0.107
4700 0.086
4800 0.106
4900 0.104
5000 0.112
5100 0.106
5200 0.115
5300 0.116
5400 0.115
5500 0.129
5600 0.12
5700 0.122
5800 0.129
5900 0.133
6000 0.133
6100 0.147
6200 0.137
6300 0.141
6400 0.157
6500 0.146
6600 0.153
6700 0.164
6800 0.161
6900 0.165
7000 0.167
7100 0.173
7200 0.173
7300 0.176
7400 0.18
7500 0.224
7600 0.229
7700 0.185
7800 0.186
7900 0.195
8000 0.185
8100 0.194
8200 0.19
8300 0.188
8400 0.172
8500 0.186
8600 0.179
8700 0.183
8800 0.181
8900 0.188
9000 0.193
9100 0.195
9200 0.192
9300 0.203
9400 0.197
9500 0.217
9600 0.203
9700 0.212
9800 0.208
9900 0.223
10000 0.211
10100 0.229
10200 0.216
10300 0.234
10400 0.22
10500 0.231
10600 0.222
10700 0.237
10800 0.231
10900 0.233
11000 0.235
11100 0.24
11200 0.24
11300 0.241
11400 0.253
11500 0.268
11600 0.261
11700 0.249
11800 0.268
11900 0.252
12000 0.264
12100 0.265
12200 0.266
12300 0.275
12400 0.265
12500 0.265
12600 0.289
12700 0.292
12800 0.293
12900 0.284
13000 0.282
13100 0.29
13200 0.283
13300 0.299
13400 0.286
13500 0.302
13600 0.307
13700 0.305
13800 0.306
13900 0.308
14000 0.301
14100 0.301
14200 0.311
14300 0.318
14400 0.319
14500 0.319
14600 0.316
14700 0.323
14800 0.328
14900 0.328
15000 0.329
15100 0.333
15200 0.331
15300 0.337
15400 0.337
15500 0.364
15600 0.355
15700 0.365
15800 0.342
15900 0.351
16000 0.353
16100 0.361
16200 0.36
16300 0.357
16400 0.365
16500 0.381
16600 0.376
16700 0.379
16800 0.375
16900 0.38
17000 0.394
17100 0.397
17200 0.38
17300 0.378
17400 0.393
17500 0.39
17600 0.392
17700 0.394
17800 0.396
17900 0.398
18000 0.401
18100 0.404
18200 0.402
18300 0.417
18400 0.411
18500 0.405
18600 0.402
18700 0.406
18800 0.421
18900 0.427
19000 0.431
19100 0.434
19200 0.441
19300 0.426
19400 0.438
19500 0.446
19600 0.46
19700 0.438
19800 0.436
19900 0.459
20000 0.441
20100 0.451
20200 0.463
20300 0.476
20400 0.453
20500 0.453
20600 0.458
20700 0.46
20800 0.473
20900 0.481
21000 0.474
21100 0.48
21200 0.497
21300 0.496
21400 0.5
21500 0.473
21600 0.494
21700 0.488
21800 0.492
21900 0.489
22000 0.49
22100 0.489
22200 0.497
22300 0.503
22400 0.492
22500 0.492
22600 0.499
22700 0.5
22800 0.522
22900 0.535
23000 0.532
23100 0.523
23200 0.526
23300 0.534
23400 0.516
23500 0.538
23600 0.535
23700 0.548
23800 0.548
23900 0.545
24000 0.565
24100 0.554
24200 0.561
24300 0.555
24400 0.566
24500 0.54
24600 0.574
24700 0.558
24800 0.558
24900 0.562
25000 0.567
25100 0.574
25200 0.579
25300 0.591
25400 0.582
25500 0.583
25600 0.575
25700 0.593
25800 0.603
25900 0.591
26000 0.609
26100 0.6
26200 0.596
26300 0.603
26400 0.613
26500 0.602
26600 0.617
26700 0.628
26800 0.603
26900 0.612
27000 0.613
27100 0.611
27200 0.612
27300 0.617
27400 0.628
27500 0.626
27600 0.653
27700 0.641
27800 0.64
27900 0.657
28000 0.64
28100 0.653
28200 0.663
28300 0.669
28400 0.662
28500 0.666
28600 0.669
28700 0.649
28800 0.658
28900 0.668
29000 0.654
29100 0.667
29200 0.665
29300 0.672
29400 0.681
29500 0.675
29600 0.683
29700 0.684
29800 0.694
29900 0.7
30000 0.702
30100 0.709
30200 0.687
30300 0.695
30400 0.72
30500 0.705
30600 0.738
30700 0.723
30800 0.704
30900 0.712
31000 0.741
31100 0.728
31200 0.733
31300 0.736
31400 0.728
31500 0.725
31600 0.719
31700 0.718
31800 0.75
31900 0.74
32000 0.751
32100 0.736
32200 0.749
32300 0.761
32400 0.751
32500 0.756
32600 0.765
32700 0.775
32800 0.763
32900 0.787
33000 0.802
33100 0.761
33200 0.784
33300 0.782
33400 0.76
33500 0.785
33600 0.778
33700 0.789
33800 0.793
33900 0.797
34000 0.787
34100 0.782
34200 0.789
34300 0.825
34400 0.796
34500 0.814
34600 0.832
34700 0.786
34800 0.802
34900 0.813
35000 0.833
35100 0.844
35200 0.844
35300 0.827
35400 0.836
35500 0.851
35600 0.857
35700 0.849
35800 0.867
35900 0.827
36000 0.849
36100 0.855
36200 0.847
36300 0.863
36400 0.837
36500 0.848
36600 0.853
36700 0.874
36800 0.901
36900 0.873
37000 0.878
37100 0.858
37200 0.869
37300 0.891
37400 0.91
37500 0.903
37600 0.914
37700 0.88
37800 0.896
37900 0.91
38000 0.899
38100 0.894
38200 0.9
38300 0.915
38400 0.921
38500 0.913
38600 0.916
38700 0.917
38800 0.954
38900 0.909
39000 0.912
39100 0.911
39200 0.941
39300 0.915
39400 0.937
39500 0.911
39600 0.945
39700 0.925
39800 0.971
39900 0.956
40000 0.943
40100 0.943
40200 0.994
40300 0.949
40400 0.98
40500 0.971
40600 0.944
40700 0.961
40800 0.951
40900 0.963
41000 0.966
41100 0.955
41200 0.988
41300 1.005
41400 0.989
41500 0.993
41600 0.972
41700 1.014
41800 1.01
41900 0.978
42000 1.004
42100 1.02
42200 0.999
42300 1.015
42400 1.01
42500 1.03
42600 1.045
42700 1.063
42800 1.037
42900 1.024
43000 1.002
43100 1.049
43200 1.001
43300 1.044
43400 1.055
43500 1.031
43600 1.027
43700 1.053
43800 1.07
43900 1.096
44000 1.066
44100 1.049
44200 1.061
44300 1.086
44400 1.066
44500 1.044
44600 1.076
44700 1.055
44800 1.079
44900 1.092
45000 1.073
45100 1.091
45200 1.103
45300 1.1
45400 1.087
45500 1.101
45600 1.085
45700 1.123
45800 1.075
45900 1.095
46000 1.113
46100 1.095
46200 1.15
46300 1.137
46400 1.159
46500 1.151
46600 1.135
46700 1.123
46800 1.144
46900 1.142
47000 1.139
47100 1.132
47200 1.161
47300 1.152
47400 1.146
47500 1.125
47600 1.16
47700 1.134
47800 1.191
47900 1.163
48000 1.172
48100 1.194
48200 1.2
48300 1.196
48400 1.152
48500 1.179
48600 1.165
48700 1.209
48800 1.185
48900 1.21
49000 1.206
49100 1.16
49200 1.178
49300 1.2
49400 1.219
49500 1.183
49600 1.212
49700 1.249
49800 1.205
49900 1.238
50000 1.218
50100 1.236
50200 1.216
50300 1.212
50400 1.199
50500 1.232
50600 1.24
50700 1.219
50800 1.225
50900 1.255
51000 1.233
51100 1.258
51200 1.255
51300 1.268
51400 1.26
51500 1.238
51600 1.262
51700 1.282
51800 1.256
51900 1.249
52000 1.265
52100 1.265
52200 1.271
52300 1.267
52400 1.291
52500 1.315
52600 1.336
52700 1.304
52800 1.273
52900 1.273
53000 1.31
53100 1.287
53200 1.291
53300 1.307
53400 1.331
53500 1.293
53600 1.294
53700 1.295
53800 1.313
53900 1.323
54000 1.311
54100 1.365
54200 1.35
54300 1.333
54400 1.35
54500 1.344
54600 1.308
54700 1.334
54800 1.326
54900 1.384
55000 1.362
55100 1.343
55200 1.382
55300 1.345
55400 1.363
55500 1.376
55600 1.362
55700 1.35
55800 1.393
55900 1.382
56000 1.391
56100 1.339
56200 1.379
56300 1.402
56400 1.384
56500 1.384
56600 1.399
56700 1.397
56800 1.388
56900 1.399
57000 1.431
57100 1.414
57200 1.451
57300 1.433
57400 1.434
57500 1.424
57600 1.445
57700 1.442
57800 1.491
57900 1.451
58000 1.434
58100 1.412
58200 1.416
58300 1.429
58400 1.436
58500 1.414
58600 1.458
58700 1.442
58800 1.443
58900 1.464
59000 1.464
59100 1.485
59200 1.434
59300 1.476
59400 1.439
59500 1.463
59600 1.484
59700 1.444
59800 1.491
59900 1.496
60000 1.471
60100 1.485
60200 1.495
60300 1.476
60400 1.504
60500 1.503
60600 1.54
60700 1.499
60800 1.504
60900 1.539
61000 1.517
61100 1.516
61200 1.5
61300 1.529
61400 1.541
61500 1.516
61600 1.516
61700 1.551
61800 1.531
61900 1.54
62000 1.625
62100 1.563
62200 1.591
62300 1.557
62400 1.577
62500 1.59
62600 1.591
62700 1.562
62800 1.593
62900 1.654
63000 1.568
63100 1.543
63200 1.582
63300 1.623
63400 1.559
63500 1.611
63600 1.608
63700 1.629
63800 1.612
63900 1.618
64000 1.626
64100 1.619
64200 1.624
64300 1.642
64400 1.644
64500 1.655
64600 1.644
64700 1.621
64800 1.649
64900 1.621
65000 1.638
65100 1.632
65200 1.66
65300 1.692
65400 1.664
65500 1.658
65600 1.665
65700 1.636
65800 1.721
65900 1.681
66000 1.672
66100 1.617
66200 1.671
66300 1.665
66400 1.686
66500 1.657
66600 1.667
66700 1.671
66800 1.691
66900 1.689
67000 1.729
67100 1.73
67200 1.686
67300 1.666
67400 1.701
67500 1.679
67600 1.719
67700 1.684
67800 1.699
67900 1.745
68000 1.728
68100 1.731
68200 1.748
68300 1.756
68400 1.689
68500 1.717
68600 1.726
68700 1.764
68800 1.768
68900 1.753
69000 1.725
69100 1.776
69200 1.772
69300 1.696
69400 1.754
69500 1.762
69600 1.732
69700 1.766
69800 1.792
69900 1.733
70000 1.745
70100 1.772
70200 1.828
70300 1.809
70400 1.802
70500 1.83
70600 1.773
70700 1.815
70800 1.737
70900 1.804
71000 1.83
71100 1.815
71200 1.835
71300 1.744
71400 1.805
71500 1.809
71600 1.785
71700 1.79
71800 1.867
71900 1.821
72000 1.89
72100 1.856
72200 1.879
72300 1.833
72400 1.872
72500 1.849
72600 1.883
72700 1.829
72800 1.888
72900 1.891
73000 1.914
73100 1.894
73200 1.86
73300 1.91
73400 1.856
73500 1.875
73600 1.894
73700 1.877
73800 1.896
73900 1.9
74000 1.923
74100 1.853
74200 1.902
74300 1.92
74400 1.913
74500 1.883
74600 1.88
74700 1.905
74800 1.926
74900 1.9
75000 1.924
75100 1.965
75200 1.906
75300 1.983
75400 1.914
75500 1.919
75600 1.917
75700 1.937
75800 1.96
75900 1.95
76000 1.93
76100 1.962
76200 1.94
76300 1.978
76400 1.948
76500 1.94
76600 1.964
76700 1.974
76800 1.949
76900 1.968
77000 2.0
77100 1.972
77200 1.956
77300 2.004
77400 1.995
77500 1.993
77600 2.005
77700 2.025
77800 2.026
77900 1.944
78000 2.006
78100 2.03
78200 2.013
78300 1.974
78400 2.033
78500 2.036
78600 1.997
78700 2.057
78800 2.063
78900 2.031
79000 2.064
79100 2.023
79200 1.99
79300 2.04
79400 2.068
79500 2.061
79600 2.044
79700 2.056
79800 2.058
79900 2.043
80000 2.025
80100 2.046
80200 2.022
80300 2.069
80400 2.038
80500 2.073
80600 2.103
80700 2.085
80800 2.116
80900 2.084
81000 2.108
81100 2.076
81200 2.105
81300 2.113
81400 2.116
81500 2.153
81600 2.118
81700 2.082
81800 2.131
81900 2.082
82000 2.122
82100 2.109
82200 2.119
82300 2.133
82400 2.138
82500 2.096
82600 2.112
82700 2.123
82800 2.149
82900 2.129
83000 2.13
83100 2.136
83200 2.121
83300 2.175
83400 2.102
83500 2.147
83600 2.158
83700 2.154
83800 2.129
83900 2.157
84000 2.133
84100 2.167
84200 2.206
84300 2.148
84400 2.2
84500 2.216
84600 2.155
84700 2.164
84800 2.2
84900 2.173
85000 2.217
85100 2.156
85200 2.217
85300 2.194
85400 2.234
85500 2.153
85600 2.212
85700 2.247
85800 2.243
85900 2.208
86000 2.234
86100 2.19
86200 2.227
86300 2.191
86400 2.269
86500 2.227
86600 2.235
86700 2.272
86800 2.263
86900 2.245
87000 2.203
87100 2.259
87200 2.244
87300 2.289
87400 2.296
87500 2.297
87600 2.319
87700 2.307
87800 2.308
87900 2.202
88000 2.281
88100 2.295
88200 2.33
88300 2.301
88400 2.301
88500 2.306
88600 2.336
88700 2.278
88800 2.322
88900 2.313
89000 2.266
89100 2.311
89200 2.347
89300 2.361
89400 2.351
89500 2.278
89600 2.359
89700 2.304
89800 2.332
89900 2.413
90000 2.45
90100 2.402
90200 2.369
90300 2.355
90400 2.384
90500 2.352
90600 2.38
90700 2.364
90800 2.38
90900 2.382
91000 2.355
91100 2.374
91200 2.395
91300 2.37
91400 2.398
91500 2.352
91600 2.382
91700 2.353
91800 2.378
91900 2.356
92000 2.395
92100 2.385
92200 2.425
92300 2.358
92400 2.408
92500 2.419
92600 2.428
92700 2.452
92800 2.445
92900 2.385
93000 2.379
93100 2.434
93200 2.398
93300 2.41
93400 2.419
93500 2.47
93600 2.436
93700 2.394
93800 2.456
93900 2.443
94000 2.464
94100 2.437
94200 2.465
94300 2.466
94400 2.45
94500 2.429
94600 2.473
94700 2.458
94800 2.491
94900 2.499
95000 2.44
95100 2.456
95200 2.545
95300 2.492
95400 2.507
95500 2.477
95600 2.511
95700 2.481
95800 2.536
95900 2.488
96000 2.534
96100 2.533
96200 2.55
96300 2.497
96400 2.521
96500 2.509
96600 2.467
96700 2.539
96800 2.538
96900 2.587
97000 2.558
97100 2.491
97200 2.554
97300 2.567
97400 2.57
97500 2.578
97600 2.543
97700 2.562
97800 2.593
97900 2.589
98000 2.537
98100 2.576
98200 2.595
98300 2.511
98400 2.584
98500 2.57
98600 2.607
98700 2.572
98800 2.615
98900 2.598
99000 2.595
99100 2.636
99200 2.641
99300 2.658
99400 2.637
99500 2.58
99600 2.653
99700 2.62
99800 2.61
99900 2.66
100000 2.609
