600 0.021
700 0.014
800 0.016
900 0.036
1000 0.04
1100 0.044
1200 0.027
1300 0.047
1400 0.049
1500 0.055
1600 0.055
1700 0.057
1800 0.059
1900 0.063
2000 0.062
2100 0.064
2200 0.066
2300 0.063
2400 0.069
2500 0.076
2600 0.066
2700 0.072
2800 0.073
2900 0.07
3000 0.075
3100 0.072
3200 0.073
3300 0.076
3400 0.073
3500 0.079
3600 0.079
3700 0.08
3800 0.081
3900 0.08
4000 0.082
4100 0.084
4200 0.084
4300 0.089
4400 0.092
4500 0.104
4600 0.131
4700 0.086
4800 0.101
4900 0.109
5000 0.117
5100 0.108
5200 0.114
5300 0.115
5400 0.114
5500 0.117
5600 0.116
5700 0.119
5800 0.12
5900 0.128
6000 0.127
6100 0.127
6200 0.129
6300 0.132
6400 0.144
6500 0.138
6600 0.14
6700 0.152
6800 0.142
6900 0.157
7000 0.149
7100 0.154
7200 0.162
7300 0.168
7400 0.172
7500 0.182
7600 0.217
7700 0.164
7800 0.167
7900 0.171
8000 0.171
8100 0.175
8200 0.171
8300 0.182
8400 0.159
8500 0.167
8600 0.165
8700 0.18
8800 0.171
8900 0.186
9000 0.172
9100 0.177
9200 0.174
9300 0.193
9400 0.183
9500 0.182
9600 0.188
9700 0.196
9800 0.195
9900 0.197
10000 0.194
10100 0.201
10200 0.198
10300 0.215
10400 0.2
10500 0.205
10600 0.201
10700 0.211
10800 0.209
10900 0.219
11000 0.212
11100 0.223
11200 0.228
11300 0.222
11400 0.231
11500 0.23
11600 0.23
11700 0.225
11800 0.23
11900 0.228
12000 0.231
12100 0.236
12200 0.239
12300 0.245
12400 0.241
12500 0.239
12600 0.244
12700 0.247
12800 0.247
12900 0.26
13000 0.254
13100 0.254
13200 0.268
13300 0.255
13400 0.262
13500 0.26
13600 0.266
13700 0.269
13800 0.274
13900 0.285
14000 0.286
14100 0.272
14200 0.286
14300 0.281
14400 0.291
14500 0.288
14600 0.287
14700 0.291
14800 0.301
14900 0.296
15000 0.303
15100 0.298
15200 0.301
15300 0.314
15400 0.298
15500 0.312
15600 0.316
15700 0.314
15800 0.301
15900 0.315
16000 0.314
16100 0.318
16200 0.317
16300 0.323
16400 0.316
16500 0.33
16600 0.323
16700 0.333
16800 0.33
16900 0.35
17000 0.344
17100 0.337
17200 0.337
17300 0.334
17400 0.349
17500 0.338
17600 0.358
17700 0.355
17800 0.345
17900 0.348
18000 0.351
18100 0.358
18200 0.361
18300 0.361
18400 0.373
18500 0.361
18600 0.367
18700 0.366
18800 0.373
18900 0.374
19000 0.378
19100 0.395
19200 0.375
19300 0.376
19400 0.381
19500 0.377
19600 0.397
19700 0.386
19800 0.381
19900 0.403
20000 0.403
20100 0.403
20200 0.394
20300 0.413
20400 0.397
20500 0.414
20600 0.409
20700 0.416
20800 0.419
20900 0.415
21000 0.411
21100 0.425
21200 0.427
21300 0.413
21400 0.422
21500 0.419
21600 0.44
21700 0.425
21800 0.439
21900 0.434
22000 0.447
22100 0.436
22200 0.434
22300 0.446
22400 0.442
22500 0.442
22600 0.451
22700 0.45
22800 0.457
22900 0.453
23000 0.455
23100 0.47
23200 0.466
23300 0.468
23400 0.465
23500 0.469
23600 0.47
23700 0.475
23800 0.495
23900 0.484
24000 0.492
24100 0.484
24200 0.484
24300 0.479
24400 0.48
24500 0.479
24600 0.481
24700 0.496
24800 0.498
24900 0.485
25000 0.505
25100 0.497
25200 0.511
25300 0.494
25400 0.533
25500 0.521
25600 0.5
25700 0.524
25800 0.52
25900 0.517
26000 0.52
26100 0.519
26200 0.531
26300 0.508
26400 0.531
26500 0.525
26600 0.531
26700 0.522
26800 0.531
26900 0.527
27000 0.541
27100 0.535
27200 0.549
27300 0.561
27400 0.551
27500 0.563
27600 0.554
27700 0.554
27800 0.557
27900 0.55
28000 0.572
28100 0.566
28200 0.565
28300 0.578
28400 0.569
28500 0.564
28600 0.568
28700 0.579
28800 0.586
28900 0.576
29000 0.58
29100 0.581
29200 0.582
29300 0.595
29400 0.599
29500 0.593
29600 0.598
29700 0.602
29800 0.604
29900 0.61
30000 0.622
30100 0.63
30200 0.627
30300 0.62
30400 0.626
30500 0.623
30600 0.637
30700 0.63
30800 0.621
30900 0.621
31000 0.63
31100 0.634
31200 0.632
31300 0.641
31400 0.629
31500 0.633
31600 0.64
31700 0.625
31800 0.636
31900 0.64
32000 0.654
32100 0.646
32200 0.655
32300 0.663
32400 0.653
32500 0.657
32600 0.665
32700 0.659
32800 0.654
32900 0.674
33000 0.68
33100 0.662
33200 0.683
33300 0.652
33400 0.664
33500 0.68
33600 0.692
33700 0.666
33800 0.675
33900 0.7
34000 0.69
34100 0.683
34200 0.692
34300 0.716
34400 0.69
34500 0.709
34600 0.722
34700 0.7
34800 0.689
34900 0.709
35000 0.738
35100 0.733
35200 0.732
35300 0.714
35400 0.71
35500 0.717
35600 0.702
35700 0.726
35800 0.722
35900 0.724
36000 0.725
36100 0.734
36200 0.718
36300 0.744
36400 0.743
36500 0.729
36600 0.737
36700 0.76
36800 0.756
36900 0.753
37000 0.767
37100 0.753
37200 0.766
37300 0.757
37400 0.769
37500 0.771
37600 0.79
37700 0.769
37800 0.767
37900 0.786
38000 0.76
38100 0.762
38200 0.798
38300 0.784
38400 0.816
38500 0.777
38600 0.786
38700 0.788
38800 0.799
38900 0.787
39000 0.775
39100 0.782
39200 0.799
39300 0.794
39400 0.786
39500 0.785
39600 0.808
39700 0.797
39800 0.805
39900 0.827
40000 0.812
40100 0.821
40200 0.817
40300 0.817
40400 0.815
40500 0.814
40600 0.84
40700 0.838
40800 0.821
40900 0.826
41000 0.827
41100 0.841
41200 0.846
41300 0.827
41400 0.848
41500 0.862
41600 0.868
41700 0.891
41800 0.883
41900 0.875
42000 0.875
42100 0.891
42200 0.861
42300 0.866
42400 0.88
42500 0.9
42600 0.896
42700 0.91
42800 0.903
42900 0.886
43000 0.86
43100 0.899
43200 0.881
43300 0.896
43400 0.91
43500 0.897
43600 0.892
43700 0.908
43800 0.905
43900 0.883
44000 0.905
44100 0.916
44200 0.898
44300 0.903
44400 0.926
44500 0.897
44600 0.926
44700 0.927
44800 0.932
44900 0.922
45000 0.913
45100 0.926
45200 0.942
45300 0.926
45400 0.936
45500 0.952
45600 0.932
45700 0.964
45800 0.948
45900 0.941
46000 0.955
46100 0.963
46200 0.966
46300 0.982
46400 0.989
46500 0.975
46600 0.975
46700 0.951
46800 0.971
46900 1.007
47000 0.995
47100 0.96
47200 0.968
47300 0.999
47400 0.973
47500 0.965
47600 0.99
47700 0.97
47800 1.013
47900 0.976
48000 0.984
48100 1.017
48200 1.012
48300 1.022
48400 0.983
48500 0.985
48600 1.002
48700 1.019
48800 1.008
48900 1.019
49000 1.05
49100 0.999
49200 1.038
49300 1.034
49400 1.039
49500 1.011
49600 1.026
49700 1.058
49800 1.028
49900 1.041
50000 1.055
50100 1.04
50200 1.052
50300 1.036
50400 1.021
50500 1.076
50600 1.082
50700 1.073
50800 1.072
50900 1.084
51000 1.07
51100 1.083
51200 1.062
51300 1.079
51400 1.068
51500 1.042
51600 1.065
51700 1.094
51800 1.097
51900 1.066
52000 1.065
52100 1.084
52200 1.084
52300 1.087
52400 1.093
52500 1.119
52600 1.109
52700 1.104
52800 1.102
52900 1.091
53000 1.136
53100 1.089
53200 1.115
53300 1.125
53400 1.141
53500 1.109
53600 1.139
53700 1.101
53800 1.124
53900 1.116
54000 1.158
54100 1.163
54200 1.157
54300 1.125
54400 1.16
54500 1.109
54600 1.135
54700 1.128
54800 1.149
54900 1.172
55000 1.149
55100 1.15
55200 1.172
55300 1.142
55400 1.181
55500 1.201
55600 1.166
55700 1.155
55800 1.166
55900 1.191
56000 1.189
56100 1.191
56200 1.164
56300 1.192
56400 1.151
56500 1.184
56600 1.167
56700 1.22
56800 1.196
56900 1.202
57000 1.22
57100 1.207
57200 1.227
57300 1.226
57400 1.23
57500 1.206
57600 1.229
57700 1.217
57800 1.241
57900 1.228
58000 1.179
58100 1.19
58200 1.219
58300 1.221
58400 1.219
58500 1.202
58600 1.236
58700 1.233
58800 1.241
58900 1.277
59000 1.236
59100 1.259
59200 1.215
59300 1.238
59400 1.214
59500 1.254
59600 1.255
59700 1.247
59800 1.27
59900 1.27
60000 1.264
60100 1.258
60200 1.289
60300 1.264
60400 1.269
60500 1.249
60600 1.278
60700 1.256
60800 1.251
60900 1.287
61000 1.269
61100 1.253
61200 1.302
61300 1.278
61400 1.3
61500 1.301
61600 1.282
61700 1.314
61800 1.337
61900 1.334
62000 1.37
62100 1.324
62200 1.359
62300 1.342
62400 1.322
62500 1.322
62600 1.317
62700 1.354
62800 1.334
62900 1.351
63000 1.339
63100 1.349
63200 1.338
63300 1.363
63400 1.334
63500 1.35
63600 1.346
63700 1.365
63800 1.368
63900 1.349
64000 1.348
64100 1.372
64200 1.377
64300 1.361
64400 1.417
64500 1.41
64600 1.408
64700 1.382
64800 1.357
64900 1.369
65000 1.389
65100 1.373
65200 1.396
65300 1.395
65400 1.423
65500 1.411
65600 1.401
65700 1.381
65800 1.408
65900 1.421
66000 1.438
66100 1.387
66200 1.423
66300 1.397
66400 1.432
66500 1.407
66600 1.436
66700 1.405
66800 1.406
66900 1.413
67000 1.45
67100 1.455
67200 1.418
67300 1.407
67400 1.468
67500 1.429
67600 1.475
67700 1.448
67800 1.452
67900 1.475
68000 1.478
68100 1.464
68200 1.484
68300 1.499
68400 1.436
68500 1.465
68600 1.45
68700 1.487
68800 1.49
68900 1.482
69000 1.491
69100 1.48
69200 1.48
69300 1.474
69400 1.468
69500 1.468
69600 1.456
69700 1.489
69800 1.489
69900 1.47
70000 1.456
70100 1.509
70200 1.503
70300 1.531
70400 1.511
70500 1.545
70600 1.486
70700 1.523
70800 1.484
70900 1.471
71000 1.53
71100 1.554
71200 1.549
71300 1.484
71400 1.521
71500 1.508
71600 1.549
71700 1.505
71800 1.565
71900 1.513
72000 1.562
72100 1.587
72200 1.602
72300 1.545
72400 1.588
72500 1.577
72600 1.63
72700 1.559
72800 1.585
72900 1.594
73000 1.618
73100 1.62
73200 1.569
73300 1.588
73400 1.563
73500 1.578
73600 1.588
73700 1.629
73800 1.608
73900 1.596
74000 1.592
74100 1.555
74200 1.648
74300 1.641
74400 1.598
74500 1.599
74600 1.589
74700 1.636
74800 1.584
74900 1.586
75000 1.604
75100 1.611
75200 1.596
75300 1.663
75400 1.606
75500 1.625
75600 1.648
75700 1.62
75800 1.612
75900 1.639
76000 1.641
76100 1.664
76200 1.681
76300 1.644
76400 1.646
76500 1.64
76600 1.653
76700 1.66
76800 1.646
76900 1.639
77000 1.652
77100 1.704
77200 1.622
77300 1.69
77400 1.698
77500 1.681
77600 1.672
77700 1.702
77800 1.713
77900 1.677
78000 1.642
78100 1.663
78200 1.708
78300 1.66
78400 1.75
78500 1.696
78600 1.706
78700 1.707
78800 1.683
78900 1.719
79000 1.721
79100 1.693
79200 1.709
79300 1.671
79400 1.742
79500 1.701
79600 1.691
79700 1.748
79800 1.686
79900 1.731
80000 1.716
80100 1.768
80200 1.722
80300 1.706
80400 1.757
80500 1.764
80600 1.743
80700 1.74
80800 1.755
80900 1.724
81000 1.758
81100 1.77
81200 1.752
81300 1.742
81400 1.776
81500 1.803
81600 1.8
81700 1.751
81800 1.754
81900 1.737
82000 1.754
82100 1.738
82200 1.78
82300 1.795
82400 1.784
82500 1.764
82600 1.764
82700 1.765
82800 1.776
82900 1.77
83000 1.766
83100 1.783
83200 1.811
83300 1.815
83400 1.766
83500 1.774
83600 1.797
83700 1.815
83800 1.827
83900 1.81
84000 1.768
84100 1.819
84200 1.84
84300 1.807
84400 1.882
84500 1.84
84600 1.811
84700 1.81
84800 1.793
84900 1.792
85000 1.844
85100 1.795
85200 1.817
85300 1.82
85400 1.825
85500 1.815
85600 1.825
85700 1.848
85800 1.896
85900 1.853
86000 1.857
86100 1.834
86200 1.85
86300 1.834
86400 1.829
86500 1.865
86600 1.853
86700 1.87
86800 1.882
86900 1.861
87000 1.836
87100 1.856
87200 1.877
87300 1.914
87400 1.885
87500 1.915
87600 1.933
87700 1.929
87800 1.92
87900 1.858
88000 1.884
88100 1.945
88200 1.913
88300 1.949
88400 1.917
88500 1.961
88600 1.936
88700 1.911
88800 1.923
88900 1.923
89000 1.88
89100 1.944
89200 1.941
89300 1.936
89400 1.944
89500 1.937
89600 1.929
89700 1.888
89800 1.953
89900 1.986
90000 2.01
90100 1.977
90200 1.973
90300 1.938
90400 1.957
90500 1.983
90600 1.975
90700 1.99
90800 1.95
90900 1.985
91000 1.959
91100 2.014
91200 1.978
91300 1.96
91400 1.962
91500 1.974
91600 2.008
91700 1.971
91800 1.954
91900 1.971
92000 1.954
92100 1.989
92200 1.996
92300 1.941
92400 2.014
92500 1.977
92600 2.009
92700 2.026
92800 2.012
92900 2.003
93000 1.977
93100 1.999
93200 2.014
93300 2.039
93400 2.019
93500 1.997
93600 2.018
93700 2.005
93800 2.027
93900 2.093
94000 2.008
94100 2.054
94200 2.024
94300 2.037
94400 2.022
94500 2.011
94600 2.027
94700 2.029
94800 2.064
94900 2.03
95000 2.047
95100 2.067
95200 2.102
95300 2.05
95400 2.076
95500 2.041
95600 2.069
95700 2.061
95800 2.087
95900 2.049
96000 2.071
96100 2.038
96200 2.096
96300 2.081
96400 2.143
96500 2.079
96600 2.069
96700 2.112
96800 2.117
96900 2.147
97000 2.156
97100 2.035
97200 2.101
97300 2.103
97400 2.11
97500 2.135
97600 2.081
97700 2.102
97800 2.134
97900 2.172
98000 2.054
98100 2.098
98200 2.173
98300 2.137
98400 2.161
98500 2.133
98600 2.145
98700 2.105
98800 2.131
98900 2.168
99000 2.127
99100 2.159
99200 2.162
99300 2.199
99400 2.223
99500 2.105
99600 2.186
99700 2.16
99800 2.146
99900 2.123
100000 2.1
