600 0.021
700 0.016
800 0.02
900 0.045
1000 0.05
1100 0.059
1200 0.041
1300 0.064
1400 0.071
1500 0.072
1600 0.081
1700 0.088
1800 0.089
1900 0.096
2000 0.096
2100 0.103
2200 0.106
2300 0.109
2400 0.11
2500 0.119
2600 0.109
2700 0.117
2800 0.124
2900 0.117
3000 0.13
3100 0.122
3200 0.128
3300 0.128
3400 0.127
3500 0.134
3600 0.133
3700 0.141
3800 0.143
3900 0.138
4000 0.147
4100 0.148
4200 0.151
4300 0.153
4400 0.162
4500 0.2
4600 0.18
4700 0.155
4800 0.179
4900 0.191
5000 0.185
5100 0.196
5200 0.196
5300 0.202
5400 0.202
5500 0.226
5600 0.217
5700 0.212
5800 0.223
5900 0.232
6000 0.23
6100 0.232
6200 0.238
6300 0.233
6400 0.272
6500 0.262
6600 0.254
6700 0.261
6800 0.262
6900 0.275
7000 0.27
7100 0.304
7200 0.289
7300 0.303
7400 0.299
7500 0.331
7600 0.379
7700 0.314
7800 0.311
7900 0.316
8000 0.306
8100 0.332
8200 0.321
8300 0.328
8400 0.298
8500 0.322
8600 0.303
8700 0.322
8800 0.321
8900 0.334
9000 0.33
9100 0.333
9200 0.324
9300 0.345
9400 0.341
9500 0.344
9600 0.343
9700 0.356
9800 0.355
9900 0.371
10000 0.357
10100 0.387
10200 0.365
10300 0.386
10400 0.372
10500 0.394
10600 0.377
10700 0.406
10800 0.392
10900 0.414
11000 0.408
11100 0.398
11200 0.41
11300 0.406
11400 0.436
11500 0.426
11600 0.432
11700 0.436
11800 0.445
11900 0.43
12000 0.463
12100 0.454
12200 0.465
12300 0.482
12400 0.47
12500 0.451
12600 0.473
12700 0.474
12800 0.473
12900 0.484
13000 0.489
13100 0.482
13200 0.499
13300 0.508
13400 0.502
13500 0.517
13600 0.515
13700 0.514
13800 0.524
13900 0.53
14000 0.527
14100 0.523
14200 0.537
14300 0.536
14400 0.551
14500 0.55
14600 0.549
14700 0.544
14800 0.569
14900 0.574
15000 0.573
15100 0.56
15200 0.583
15300 0.589
15400 0.586
15500 0.586
15600 0.583
15700 0.598
15800 0.606
15900 0.609
16000 0.616
16100 0.614
16200 0.617
16300 0.617
16400 0.645
16500 0.625
16600 0.639
16700 0.635
16800 0.637
16900 0.651
17000 0.645
17100 0.665
17200 0.662
17300 0.682
17400 0.666
17500 0.701
17600 0.683
17700 0.685
17800 0.679
17900 0.675
18000 0.698
18100 0.716
18200 0.695
18300 0.709
18400 0.719
18500 0.698
18600 0.714
18700 0.713
18800 0.715
18900 0.741
19000 0.726
19100 0.718
19200 0.757
19300 0.738
19400 0.748
19500 0.757
19600 0.751
19700 0.777
19800 0.8
19900 0.781
20000 0.792
20100 0.79
20200 0.786
20300 0.795
20400 0.822
20500 0.793
20600 0.794
20700 0.819
20800 0.812
20900 0.82
21000 0.826
21100 0.827
21200 0.816
21300 0.842
21400 0.849
21500 0.856
21600 0.829
21700 0.856
21800 0.848
21900 0.87
22000 0.857
22100 0.855
22200 0.861
22300 0.875
22400 0.892
22500 0.902
22600 0.911
22700 0.903
22800 0.904
22900 0.903
23000 0.907
23100 0.899
23200 0.894
23300 0.905
23400 0.939
23500 0.939
23600 0.929
23700 0.934
23800 0.958
23900 0.947
24000 0.934
24100 0.973
24200 0.961
24300 0.965
24400 0.966
24500 0.983
24600 0.974
24700 0.996
24800 0.969
24900 0.979
25000 0.97
25100 0.993
25200 1.006
25300 0.982
25400 0.957
25500 0.977
25600 1.03
25700 0.984
25800 1.002
25900 1.008
26000 1.028
26100 1.01
26200 1.004
26300 1.02
26400 1.043
26500 1.04
26600 1.031
26700 1.042
26800 1.071
26900 1.07
27000 1.052
27100 1.062
27200 1.098
27300 1.045
27400 1.062
27500 1.083
27600 1.093
27700 1.083
27800 1.075
27900 1.107
28000 1.126
28100 1.081
28200 1.111
28300 1.091
28400 1.126
28500 1.12
28600 1.131
28700 1.126
28800 1.123
28900 1.145
29000 1.164
29100 1.181
29200 1.167
29300 1.137
29400 1.173
29500 1.17
29600 1.164
29700 1.151
29800 1.168
29900 1.183
30000 1.168
30100 1.178
30200 1.182
30300 1.189
30400 1.194
30500 1.214
30600 1.188
30700 1.2
30800 1.227
30900 1.231
31000 1.223
31100 1.22
31200 1.234
31300 1.223
31400 1.266
31500 1.238
31600 1.22
31700 1.281
31800 1.241
31900 1.253
32000 1.262
32100 1.261
32200 1.26
32300 1.272
32400 1.254
32500 1.305
32600 1.271
32700 1.286
32800 1.318
32900 1.309
33000 1.298
33100 1.3
33200 1.304
33300 1.344
33400 1.343
33500 1.301
33600 1.327
33700 1.344
33800 1.348
33900 1.349
34000 1.309
34100 1.374
34200 1.377
34300 1.356
34400 1.327
34500 1.366
34600 1.365
34700 1.419
34800 1.381
34900 1.394
35000 1.381
35100 1.419
35200 1.425
35300 1.445
35400 1.442
35500 1.442
35600 1.402
35700 1.41
35800 1.393
35900 1.423
36000 1.426
36100 1.474
36200 1.463
36300 1.444
36400 1.43
36500 1.448
36600 1.437
36700 1.469
36800 1.484
36900 1.451
37000 1.543
37100 1.454
37200 1.514
37300 1.515
37400 1.496
37500 1.516
37600 1.513
37700 1.533
37800 1.53
37900 1.499
38000 1.525
38100 1.5
38200 1.511
38300 1.52
38400 1.536
38500 1.554
38600 1.543
38700 1.588
38800 1.563
38900 1.574
39000 1.566
39100 1.535
39200 1.601
39300 1.577
39400 1.576
39500 1.61
39600 1.612
39700 1.6
39800 1.606
39900 1.644
40000 1.621
40100 1.576
40200 1.624
40300 1.638
40400 1.608
40500 1.64
40600 1.622
40700 1.614
40800 1.668
40900 1.65
41000 1.671
41100 1.636
41200 1.654
41300 1.666
41400 1.664
41500 1.703
41600 1.654
41700 1.698
41800 1.718
41900 1.674
42000 1.719
42100 1.713
42200 1.693
42300 1.694
42400 1.675
42500 1.769
42600 1.729
42700 1.768
42800 1.752
42900 1.721
43000 1.752
43100 1.731
43200 1.749
43300 1.735
43400 1.766
43500 1.778
43600 1.758
43700 1.8
43800 1.783
43900 1.79
44000 1.787
44100 1.776
44200 1.778
44300 1.794
44400 1.769
44500 1.807
44600 1.804
44700 1.828
44800 1.837
44900 1.795
45000 1.823
45100 1.803
45200 1.88
45300 1.833
45400 1.82
45500 1.84
45600 1.88
45700 1.871
45800 1.846
45900 1.897
46000 1.864
46100 1.901
46200 1.922
46300 1.965
46400 1.896
46500 1.923
46600 1.885
46700 1.888
46800 1.916
46900 1.901
47000 1.943
47100 1.893
47200 1.923
47300 1.953
47400 1.933
47500 1.933
47600 1.913
47700 1.948
47800 1.982
47900 1.925
48000 1.956
48100 1.976
48200 1.996
48300 2.025
48400 1.967
48500 1.944
48600 1.972
48700 1.963
48800 1.995
48900 2.04
49000 2.058
49100 2.025
49200 1.982
49300 2.016
49400 2.049
49500 2.042
49600 2.071
49700 2.042
49800 2.049
49900 2.095
50000 2.098
50100 2.048
50200 2.059
50300 2.071
50400 2.079
50500 2.067
50600 2.056
50700 2.038
50800 2.064
50900 2.069
51000 2.074
51100 2.094
51200 2.091
51300 2.09
51400 2.162
51500 2.121
51600 2.112
51700 2.171
51800 2.147
51900 2.106
52000 2.106
52100 2.147
52200 2.145
52300 2.128
52400 2.228
52500 2.182
52600 2.192
52700 2.172
52800 2.149
52900 2.169
53000 2.204
53100 2.179
53200 2.191
53300 2.186
53400 2.2
53500 2.235
53600 2.18
53700 2.201
53800 2.276
53900 2.223
54000 2.213
54100 2.276
54200 2.29
54300 2.23
54400 2.207
54500 2.256
54600 2.213
54700 2.229
54800 2.23
54900 2.277
55000 2.327
55100 2.293
55200 2.286
55300 2.319
55400 2.306
55500 2.329
55600 2.342
55700 2.332
55800 2.275
55900 2.383
56000 2.389
56100 2.301
56200 2.347
56300 2.335
56400 2.312
56500 2.33
56600 2.357
56700 2.353
56800 2.367
56900 2.399
57000 2.363
57100 2.4
57200 2.392
57300 2.427
57400 2.421
57500 2.406
57600 2.445
57700 2.378
57800 2.435
57900 2.425
58000 2.35
58100 2.427
58200 2.437
58300 2.423
58400 2.484
58500 2.454
58600 2.436
58700 2.45
58800 2.486
58900 2.498
59000 2.456
59100 2.503
59200 2.462
59300 2.446
59400 2.448
59500 2.454
59600 2.478
59700 2.464
59800 2.492
59900 2.494
60000 2.489
60100 2.53
60200 2.537
60300 2.533
60400 2.521
60500 2.509
60600 2.581
60700 2.492
60800 2.555
60900 2.573
61000 2.521
61100 2.565
61200 2.547
61300 2.532
61400 2.596
61500 2.56
61600 2.547
61700 2.556
61800 2.647
61900 2.772
62000 2.72
62100 2.655
62200 2.654
62300 2.614
62400 2.664
62500 2.668
62600 2.642
62700 2.64
62800 2.664
62900 2.685
63000 2.633
63100 2.644
63200 2.646
63300 2.732
63400 2.667
63500 2.699
63600 2.667
63700 2.684
63800 2.697
63900 2.683
64000 2.678
64100 2.807
64200 2.684
64300 2.736
64400 2.733
64500 2.778
64600 2.781
64700 2.729
64800 2.696
64900 2.752
65000 2.779
65100 2.801
65200 2.796
65300 2.764
65400 2.823
65500 2.778
65600 2.833
65700 2.803
65800 2.857
65900 2.859
66000 2.864
66100 2.844
66200 2.855
66300 2.861
66400 2.88
66500 2.934
66600 2.932
66700 2.882
66800 2.907
66900 2.904
67000 2.975
67100 2.969
67200 2.943
67300 2.918
67400 2.946
67500 2.928
67600 2.951
67700 2.909
67800 2.948
67900 3.011
68000 3.004
68100 2.987
68200 3.022
68300 3.027
68400 2.979
68500 3.011
68600 3.037
68700 3.032
68800 2.993
68900 3.065
69000 3.012
69100 3.09
69200 3.059
69300 2.947
69400 3.023
69500 3.016
69600 2.995
69700 3.037
69800 3.108
69900 2.979
70000 2.999
70100 3.071
70200 3.101
70300 3.116
70400 3.124
70500 3.072
70600 3.082
70700 3.172
70800 3.064
70900 3.098
71000 3.143
71100 3.182
71200 3.142
71300 3.109
71400 3.113
71500 3.102
71600 3.103
71700 3.175
71800 3.082
71900 3.12
72000 3.149
72100 3.149
72200 3.12
72300 3.1
72400 3.109
72500 3.19
72600 3.163
72700 3.169
72800 3.192
72900 3.188
73000 3.18
73100 3.168
73200 3.2
73300 3.145
73400 3.15
73500 3.154
73600 3.225
73700 3.145
73800 3.217
73900 3.255
74000 3.203
74100 3.236
74200 3.204
74300 3.243
74400 3.276
74500 3.241
74600 3.238
74700 3.21
74800 3.209
74900 3.255
75000 3.21
75100 3.277
75200 3.252
75300 3.273
75400 3.319
75500 3.282
75600 3.188
75700 3.245
75800 3.246
75900 3.257
76000 3.333
76100 3.341
76200 3.289
76300 3.316
76400 3.357
76500 3.302
76600 3.272
76700 3.338
76800 3.341
76900 3.284
77000 3.331
77100 3.366
77200 3.366
77300 3.374
77400 3.358
77500 3.289
77600 3.434
77700 3.442
77800 3.462
77900 3.373
78000 3.311
78100 3.4
78200 3.427
78300 3.404
78400 3.556
78500 3.426
78600 3.4
78700 3.418
78800 3.492
78900 3.477
79000 3.506
79100 3.48
79200 3.417
79300 3.421
79400 3.495
79500 3.477
79600 3.42
79700 3.485
79800 3.442
79900 3.489
80000 3.528
80100 3.56
80200 3.446
80300 3.483
80400 3.489
80500 3.514
80600 3.498
80700 3.497
80800 3.536
80900 3.491
81000 3.526
81100 3.566
81200 3.545
81300 3.539
81400 3.557
81500 3.591
81600 3.571
81700 3.624
81800 3.618
81900 3.539
82000 3.569
82100 3.59
82200 3.61
82300 3.57
82400 3.584
82500 3.593
82600 3.572
82700 3.605
82800 3.64
82900 3.685
83000 3.619
83100 3.593
83200 3.652
83300 3.693
83400 3.645
83500 3.608
83600 3.662
83700 3.748
83800 3.657
83900 3.684
84000 3.741
84100 3.738
84200 3.736
84300 3.615
84400 3.727
84500 3.776
84600 3.644
84700 3.696
84800 3.784
84900 3.721
85000 3.738
85100 3.688
85200 3.711
85300 3.759
85400 3.801
85500 3.715
85600 3.735
85700 3.827
85800 3.868
85900 3.771
86000 3.77
86100 3.798
86200 3.758
86300 3.82
86400 3.816
86500 3.81
86600 3.774
86700 3.831
86800 3.835
86900 3.796
87000 3.777
87100 3.87
87200 3.791
87300 3.894
87400 3.865
87500 3.932
87600 3.924
87700 3.965
87800 3.953
87900 3.874
88000 3.897
88100 3.891
88200 3.94
88300 3.994
88400 3.91
88500 3.949
88600 4.012
88700 3.86
88800 3.93
88900 4.007
89000 3.868
89100 3.933
89200 4.026
89300 3.962
89400 4.014
89500 3.968
89600 4.002
89700 3.95
89800 3.999
89900 4.222
90000 4.27
90100 4.066
90200 4.117
90300 3.995
90400 4.068
90500 3.969
90600 4.099
90700 4.12
90800 3.997
90900 4.186
91000 4.035
91100 4.07
91200 4.036
91300 4.074
91400 4.114
91500 4.06
91600 4.118
91700 4.142
91800 4.053
91900 4.037
92000 4.036
92100 4.075
92200 4.101
92300 4.046
92400 4.113
92500 4.099
92600 4.205
92700 4.164
92800 4.146
92900 4.093
93000 4.164
93100 4.136
93200 4.126
93300 4.129
93400 4.174
93500 4.205
93600 4.127
93700 4.161
93800 4.182
93900 4.239
94000 4.169
94100 4.181
94200 4.156
94300 4.119
94400 4.221
94500 4.166
94600 4.161
94700 4.224
94800 4.276
94900 4.212
95000 4.185
95100 4.239
95200 4.291
95300 4.237
95400 4.277
95500 4.249
95600 4.283
95700 4.242
95800 4.313
95900 4.259
96000 4.28
96100 4.313
96200 4.266
96300 4.291
96400 4.329
96500 4.297
96600 4.324
96700 4.384
96800 4.451
96900 4.393
97000 4.417
97100 4.302
97200 4.395
97300 4.348
97400 4.283
97500 4.434
97600 4.401
97700 4.401
97800 4.356
97900 4.45
98000 4.347
98100 4.384
98200 4.419
98300 4.323
98400 4.394
98500 4.383
98600 4.438
98700 4.441
98800 4.438
98900 4.456
99000 4.463
99100 4.515
99200 4.526
99300 4.54
99400 4.512
99500 4.419
99600 4.486
99700 4.498
99800 4.52
99900 4.391
100000 4.453
